   384
    384     0     0     0     191841.695
C        0.0000000000        0.0000000000        0.0000000000
C        0.0000000000        0.0000000000        1.3640840000
C        2.4727670000        0.0000000000        1.3895910000
C        2.4727920000        0.0000000000       -0.0253360000
C        4.9426010000        0.0000000000       -0.0293450000
C        4.9425760000        0.0000000000        1.3936280000
C        7.4120690000        0.0000000000        1.3943610000
C        7.4120440000        0.0000000000       -0.0301820000
C        9.8812000000        0.0000000000       -0.0306560000
C        9.8812500000        0.0000000000        1.3947750000
C       12.3510840000        0.0000000000        1.3949040000
C       12.3510590000        0.0000000000       -0.0309040000
C       14.8207910000        0.0000000000       -0.0309040000
C       14.8208410000        0.0000000000        1.3947050000
C       17.2904670000        0.0000000000        1.3947480000
C       17.2904170000        0.0000000000       -0.0311990000
C       19.7602230000        0.0000000000       -0.0313710000
C       19.7602730000        0.0000000000        1.3945750000
C       22.2299070000        0.0000000000        1.3942300000
C       22.2298320000        0.0000000000       -0.0313770000
C       24.6995760000        0.0000000000       -0.0316790000
C       24.6996510000        0.0000000000        1.3941270000
C       27.1694930000        0.0000000000        1.3937390000
C       27.1694430000        0.0000000000       -0.0316920000
C       29.6385740000        0.0000000000       -0.0313470000
C       29.6386730000        0.0000000000        1.3931960000
C       32.1081490000        0.0000000000        1.3923770000
C       32.1080500000        0.0000000000       -0.0305950000
C       34.5778690000        0.0000000000       -0.0266290000
C       34.5779430000        0.0000000000        1.3882980000
C       37.0507110000        0.0000000000        1.3627480000
C       37.0506630000        0.0000000000       -0.0013370000
C       17.2854910000        0.0000000000      -15.7096890000
C       18.5243220000        0.0000000000      -15.0223150000
C       18.5244480000        0.0000000000      -13.5822640000
C       17.2898480000        0.0000000000      -12.8727680000
B       17.2897980000        0.0000000000      -11.4411560000
B       18.5246790000        0.0000000000      -10.7294330000
B       18.5248040000        0.0000000000       -9.3010910000
B       17.2904760000        0.0000000000       -8.5883940000
C       17.2900270000        0.0000000000       -7.1611320000
C       18.5250290000        0.0000000000       -6.4485920000
C       18.5251530000        0.0000000000       -5.0223020000
C       17.2904400000        0.0000000000       -4.3092100000
C       17.2903650000        0.0000000000       -2.8828520000
C       18.5254010000        0.0000000000       -2.1700050000
C       17.2874570000        0.0000000000       17.0733640000
C       18.5261920000        0.0000000000       16.3857610000
C       18.5260910000        0.0000000000       14.9456970000
C       17.2914200000        0.0000000000       14.2363600000
C       17.2911200000        0.0000000000       12.8047960000
C       18.5258820000        0.0000000000       12.0929400000
C       18.5257820000        0.0000000000       10.6646080000
C       17.2913690000        0.0000000000        9.9520630000
C       17.2907210000        0.0000000000        8.5247700000
C       18.5256210000        0.0000000000        7.8120300000
C       18.5255460000        0.0000000000        6.3857150000
C       17.2907480000        0.0000000000        5.6728040000
C       17.2904990000        0.0000000000        4.2464480000
C       18.5254190000        0.0000000000        3.5333810000
C       24.7177360000        0.0000000000      -15.7035580000
C       25.9274710000        0.0000000000      -15.0147400000
C       25.9380290000        0.0000000000      -13.5744350000
C       24.6966060000        0.0000000000      -12.8670860000
C       24.6998250000        0.0000000000      -11.4374500000
C       25.9321920000        0.0000000000      -10.7260290000
C       25.9360780000        0.0000000000       -9.2989660000
C       24.6983190000        0.0000000000       -8.5869930000
C       24.7004350000        0.0000000000       -7.1606480000
C       25.9350300000        0.0000000000       -6.4483990000
C       25.9361250000        0.0000000000       -5.0230450000
C       24.6998170000        0.0000000000       -4.3098090000
C       24.7001900000        0.0000000000       -2.8839930000
C       25.9348930000        0.0000000000       -2.1709350000
C       24.7196390000        0.0000000000       17.0664600000
C       25.9293360000        0.0000000000       16.3774970000
C       25.9396930000        0.0000000000       14.9371790000
C       24.6981890000        0.0000000000       14.2299270000
C       24.7011830000        0.0000000000       12.8002850000
C       25.9335100000        0.0000000000       12.0887440000
C       25.9371960000        0.0000000000       10.6616260000
C       24.6993120000        0.0000000000        9.9497530000
C       24.7012540000        0.0000000000        8.5233310000
C       25.9358400000        0.0000000000        7.8109440000
C       25.9367360000        0.0000000000        6.3855020000
C       24.7003230000        0.0000000000        5.6723490000
C       24.7005970000        0.0000000000        4.2465100000
C       25.9352340000        0.0000000000        3.5332900000
C        9.8542940000        0.0000000000       17.0667480000
C       11.1230810000        0.0000000000       16.3781970000
C       11.1125470000        0.0000000000       14.9378820000
C        9.8871430000        0.0000000000       14.2304800000
C        9.8788130000        0.0000000000       12.8016990000
C       11.1184160000        0.0000000000       12.0894430000
C       11.1145560000        0.0000000000       10.6623350000
C        9.8808890000        0.0000000000        9.9513690000
C        9.8780760000        0.0000000000        8.5250560000
C       11.1156340000        0.0000000000        7.8116460000
C       11.1145890000        0.0000000000        6.3862360000
C        9.8801870000        0.0000000000        5.6736110000
C        9.8800880000        0.0000000000        4.2482800000
C       11.1158450000        0.0000000000        3.5340680000
C        9.8522360000        0.0000000000      -15.7020340000
C       11.1211490000        0.0000000000      -15.0137020000
C       11.1108170000        0.0000000000      -13.5733930000
C        9.8855180000        0.0000000000      -12.8658240000
C        9.8773880000        0.0000000000      -11.4370540000
C       11.1170360000        0.0000000000      -10.7249440000
C       11.1133250000        0.0000000000       -9.2978680000
C        9.8797800000        0.0000000000       -8.5867710000
C        9.8770920000        0.0000000000       -7.1605170000
C       11.1146640000        0.0000000000       -6.4472710000
C       11.1137430000        0.0000000000       -5.0218840000
C        9.8794230000        0.0000000000       -4.3091630000
C        9.8794230000        0.0000000000       -2.8838560000
C       11.1152490000        0.0000000000       -2.1697190000
C       33.3397940000        0.0000000000       -6.4420140000
C       33.3591100000        0.0000000000       -5.0304090000
C       30.8808970000        0.0000000000       -5.0270360000
C       30.8778400000        0.0000000000       -6.4509300000
C       28.4062540000        0.0000000000       -6.4498660000
C       28.4073480000        0.0000000000       -5.0246410000
C       23.4653150000        0.0000000000       -5.0221750000
C       23.4642700000        0.0000000000       -6.4483950000
C       20.9942250000        0.0000000000       -6.4486350000
C       20.9948970000        0.0000000000       -5.0221070000
C       16.0554020000        0.0000000000       -5.0216560000
C       16.0558300000        0.0000000000       -6.4482230000
C       13.5857110000        0.0000000000       -6.4476200000
C       13.5848640000        0.0000000000       -5.0213790000
C        8.6424820000        0.0000000000       -5.0232820000
C        8.6434390000        0.0000000000       -6.4484970000
C        6.1719890000        0.0000000000       -6.4494890000
C        6.1690560000        0.0000000000       -5.0256120000
C        3.6908250000        0.0000000000       -5.0288560000
C        3.7100180000        0.0000000000       -6.4404480000
C       33.3598540000        0.0000000000        6.3923110000
C       33.3406350000        0.0000000000        7.8039370000
C       30.8786560000        0.0000000000        7.8130460000
C       30.8815890000        0.0000000000        6.3891300000
C       28.4081150000        0.0000000000        6.3869250000
C       28.4072200000        0.0000000000        7.8122300000
C       23.4649900000        0.0000000000        7.8111840000
C       23.4659110000        0.0000000000        6.3849200000
C       20.9952870000        0.0000000000        6.3851550000
C       20.9947890000        0.0000000000        7.8117180000
C       16.0564530000        0.0000000000        7.8119930000
C       16.0558140000        0.0000000000        6.3854490000
C       13.5853400000        0.0000000000        6.3854490000
C       13.5863610000        0.0000000000        7.8116920000
C        8.6442660000        0.0000000000        7.8131750000
C        8.6432300000        0.0000000000        6.3878840000
C        6.1696140000        0.0000000000        6.3905180000
C        6.1726960000        0.0000000000        7.8144530000
C        3.7107590000        0.0000000000        7.8055160000
C        3.6913930000        0.0000000000        6.3938760000
C       29.6516250000        0.0000000000       12.8085100000
C       29.6190710000        0.0000000000       14.2375350000
C       27.1650290000        0.0000000000       14.2296450000
C       27.1731960000        0.0000000000       12.8008750000
C       22.2307950000        0.0000000000       12.8029150000
C       22.2297210000        0.0000000000       14.2338200000
C       19.7606830000        0.0000000000       14.2362340000
C       19.7607400000        0.0000000000       12.8046510000
C       14.8211310000        0.0000000000       12.8032440000
C       14.8224040000        0.0000000000       14.2341360000
C       12.3539810000        0.0000000000       14.2305280000
C       12.3508370000        0.0000000000       12.8008930000
C        7.4004130000        0.0000000000       12.8095280000
C        7.4331160000        0.0000000000       14.2385530000
C       29.6174360000        0.0000000000      -12.8750790000
C       29.6500650000        0.0000000000      -11.4460650000
C       27.1717450000        0.0000000000      -11.4382850000
C       27.1634090000        0.0000000000      -12.8670190000
C       22.2281630000        0.0000000000      -12.8707480000
C       22.2294870000        0.0000000000      -11.4398270000
C       19.7594520000        0.0000000000      -11.4413240000
C       19.7591360000        0.0000000000      -12.8729180000
C       14.8208140000        0.0000000000      -12.8702260000
C       14.8197400000        0.0000000000      -11.4392910000
C       12.3493200000        0.0000000000      -11.4365180000
C       12.3523390000        0.0000000000      -12.8661630000
C        7.4314750000        0.0000000000      -12.8736190000
C        7.3990210000        0.0000000000      -11.4446020000
C        1.2306520000        0.0000000000       -0.7545900000
C        1.2388890000        0.0000000000       -2.1466540000
C       35.8116350000        0.0000000000       -2.1479850000
C       35.8199770000        0.0000000000       -0.7558940000
C       32.1259080000        0.0000000000        8.5330890000
C       32.1019480000        0.0000000000        9.9496550000
C       35.8119860000        0.0000000000        3.5095330000
C       35.8201320000        0.0000000000        2.1174650000
C       30.8877810000        0.0000000000       -9.3101190000
C       30.8592740000        0.0000000000      -10.7314820000
C        6.1899030000        0.0000000000      -10.7299020000
C        6.1615690000        0.0000000000       -9.3085470000
C        1.2306230000        0.0000000000        2.1187900000
C        1.2388600000        0.0000000000        3.5108750000
C        6.1626210000        0.0000000000       10.6735390000
C        6.1912070000        0.0000000000       12.0949190000
C       34.5758610000        0.0000000000       -4.2951440000
C       34.5902750000        0.0000000000       -2.8906710000
C       32.1134950000        0.0000000000       -2.8877170000
C       32.1124260000        0.0000000000       -4.3104990000
C       29.6412660000        0.0000000000       -4.3110750000
C       29.6410920000        0.0000000000       -2.8867030000
C       27.1706260000        0.0000000000       -2.8851630000
C       27.1704860000        0.0000000000       -4.3104430000
C       22.2297340000        0.0000000000       -4.3093170000
C       22.2302070000        0.0000000000       -2.8835160000
C       19.7602970000        0.0000000000       -2.8831160000
C       19.7599900000        0.0000000000       -4.3094550000
C       14.8206840000        0.0000000000       -4.3086190000
C       14.8204110000        0.0000000000       -2.8828110000
C       12.3499060000        0.0000000000       -2.8828930000
C       12.3504410000        0.0000000000       -4.3088340000
C        7.4087520000        0.0000000000       -4.3097290000
C        7.4090750000        0.0000000000       -2.8853500000
C        4.9366960000        0.0000000000       -2.8861890000
C        4.9376180000        0.0000000000       -4.3089550000
C        2.4741350000        0.0000000000       -4.2935170000
C        2.4598380000        0.0000000000       -2.8890570000
C       33.3447370000        0.0000000000        2.1098660000
C       33.3453820000        0.0000000000        3.5305350000
C       30.8752830000        0.0000000000        3.5331220000
C       30.8741490000        0.0000000000        2.1092320000
C       28.4043920000        0.0000000000        2.1081950000
C       28.4048640000        0.0000000000        3.5335670000
C       23.4653740000        0.0000000000        3.5333830000
C       23.4650950000        0.0000000000        2.1074810000
C       20.9949990000        0.0000000000        2.1073580000
C       20.9950240000        0.0000000000        3.5333750000
C       16.0558640000        0.0000000000        3.5337170000
C       16.0558130000        0.0000000000        2.1076910000
C       13.5857020000        0.0000000000        2.1080970000
C       13.5856750000        0.0000000000        3.5339390000
C        8.6460810000        0.0000000000        3.5347920000
C        8.6463940000        0.0000000000        2.1092990000
C        6.1766060000        0.0000000000        2.1104480000
C        6.1755870000        0.0000000000        3.5343040000
C        3.7054410000        0.0000000000        3.5318410000
C        3.7060230000        0.0000000000        2.1111740000
C       11.1159620000        0.0000000000        2.1087090000
C       18.5253690000        0.0000000000        2.1076620000
C       25.9348390000        0.0000000000        2.1078020000
C       33.3445850000        0.0000000000       -0.7481100000
C       33.3450280000        0.0000000000       -2.1688180000
C       30.8749490000        0.0000000000       -2.1712310000
C       30.8740070000        0.0000000000       -0.7474160000
C       28.4042710000        0.0000000000       -0.7462710000
C       28.4046190000        0.0000000000       -2.1715300000
C       23.4650870000        0.0000000000       -2.1707590000
C       23.4649430000        0.0000000000       -0.7448130000
C       20.9948790000        0.0000000000       -0.7443150000
C       20.9949670000        0.0000000000       -2.1704510000
C       16.0558090000        0.0000000000       -2.1699370000
C       16.0556860000        0.0000000000       -0.7439840000
C       13.5856140000        0.0000000000       -0.7441780000
C       13.5856460000        0.0000000000       -2.1698230000
C        8.6456000000        0.0000000000       -2.1702910000
C        8.6463160000        0.0000000000       -0.7451460000
C        6.1765970000        0.0000000000       -0.7462010000
C        6.1752950000        0.0000000000       -2.1697790000
C        3.7052360000        0.0000000000       -2.1671940000
C        3.7060470000        0.0000000000       -0.7468340000
C       11.1158790000        0.0000000000       -0.7446230000
C       18.5255260000        0.0000000000       -0.7442910000
C       25.9346810000        0.0000000000       -0.7455400000
C       34.5907570000        0.0000000000        4.2523380000
C       34.5765050000        0.0000000000        5.6568740000
C       32.1130430000        0.0000000000        5.6724350000
C       32.1139450000        0.0000000000        4.2496000000
C       29.6414400000        0.0000000000        4.2486910000
C       29.6418290000        0.0000000000        5.6731440000
C       27.1711090000        0.0000000000        5.6727790000
C       27.1710720000        0.0000000000        4.2474340000
C       22.2304010000        0.0000000000        4.2463050000
C       22.2300220000        0.0000000000        5.6721370000
C       19.7602730000        0.0000000000        5.6726440000
C       19.7604120000        0.0000000000        4.2462900000
C       14.8205600000        0.0000000000        4.2468060000
C       14.8210090000        0.0000000000        5.6725920000
C       12.3508740000        0.0000000000        5.6730070000
C       12.3504710000        0.0000000000        4.2471210000
C        7.4094790000        0.0000000000        4.2498250000
C        7.4092050000        0.0000000000        5.6742710000
C        4.9379600000        0.0000000000        5.6741300000
C        4.9369620000        0.0000000000        4.2508380000
C        2.4601450000        0.0000000000        4.2536960000
C        2.4747230000        0.0000000000        5.6584380000
C        4.9255700000        0.0000000000        8.5345690000
C        4.9497290000        0.0000000000        9.9510310000
C        7.4093860000        0.0000000000        9.9537150000
C        7.4044340000        0.0000000000        8.5288860000
C       12.3501950000        0.0000000000        8.5239260000
C       12.3522860000        0.0000000000        9.9503220000
C       14.8222900000        0.0000000000        9.9510720000
C       14.8208620000        0.0000000000        8.5243560000
C       19.7605920000        0.0000000000        8.5246390000
C       19.7601060000        0.0000000000        9.9519140000
C       22.2292000000        0.0000000000        9.9506210000
C       22.2304710000        0.0000000000        8.5239490000
C       27.1734730000        0.0000000000        8.5242260000
C       27.1707960000        0.0000000000        9.9505260000
C       29.6422370000        0.0000000000        9.9524880000
C       29.6470360000        0.0000000000        8.5276630000
C       30.8891240000        0.0000000000       10.6722340000
C       30.8607510000        0.0000000000       12.0938050000
C       28.4037850000        0.0000000000       12.0909700000
C       28.4105750000        0.0000000000       10.6647930000
C       23.4655590000        0.0000000000       10.6620180000
C       23.4633320000        0.0000000000       12.0900480000
C       20.9941260000        0.0000000000       12.0921240000
C       20.9950700000        0.0000000000       10.6636860000
C       16.0565030000        0.0000000000       10.6639790000
C       16.0576550000        0.0000000000       12.0923970000
C       13.5885220000        0.0000000000       12.0904940000
C       13.5860540000        0.0000000000       10.6626110000
C        8.6411460000        0.0000000000       10.6659000000
C        8.6481380000        0.0000000000       12.0918810000
C        8.6346070000        0.0000000000       14.9416890000
C        8.6729210000        0.0000000000       16.3847650000
C       13.5866270000        0.0000000000       16.3806470000
C       13.5840800000        0.0000000000       14.9412660000
C       16.0551240000        0.0000000000       14.9446510000
C       16.0552870000        0.0000000000       16.3842480000
C       20.9971020000        0.0000000000       16.3840360000
C       20.9970630000        0.0000000000       14.9444020000
C       23.4681220000        0.0000000000       14.9408550000
C       23.4657060000        0.0000000000       16.3802180000
C       28.3795060000        0.0000000000       16.3838260000
C       28.4176530000        0.0000000000       14.9407690000
C       32.1006940000        0.0000000000       -8.5876800000
C       32.1249610000        0.0000000000       -7.1710140000
C       29.6461720000        0.0000000000       -7.1654200000
C       29.6412730000        0.0000000000       -8.5902060000
C       27.1696880000        0.0000000000       -8.5880040000
C       27.1725260000        0.0000000000       -7.1617740000
C       22.2298050000        0.0000000000       -7.1610200000
C       22.2283360000        0.0000000000       -8.5876560000
C       19.7592470000        0.0000000000       -8.5885860000
C       19.7599110000        0.0000000000       -7.1613500000
C       14.8201280000        0.0000000000       -7.1604210000
C       14.8213730000        0.0000000000       -8.5870680000
C       12.3511670000        0.0000000000       -8.5860190000
C       12.3494200000        0.0000000000       -7.1597010000
C        7.4035750000        0.0000000000       -7.1640750000
C        7.4083740000        0.0000000000       -8.5888570000
C        4.9487280000        0.0000000000       -8.5860290000
C        4.9247570000        0.0000000000       -7.1695210000
C       28.4023570000        0.0000000000      -10.7284270000
C       28.4095580000        0.0000000000       -9.3023980000
C       23.4645790000        0.0000000000       -9.2991870000
C       23.4621080000        0.0000000000      -10.7270820000
C       20.9929420000        0.0000000000      -10.7289110000
C       20.9941070000        0.0000000000       -9.3005270000
B       16.0554920000        0.0000000000       -9.3001480000
B       16.0564010000        0.0000000000      -10.7285950000
C       13.5872270000        0.0000000000      -10.7263660000
C       13.5849710000        0.0000000000       -9.2983890000
C        8.6400070000        0.0000000000       -9.3011450000
C        8.6468530000        0.0000000000      -10.7270960000
C       28.3776490000        0.0000000000      -15.0213260000
C       28.4159520000        0.0000000000      -13.5782110000
C       23.4664980000        0.0000000000      -13.5778560000
C       23.4639100000        0.0000000000      -15.0172050000
C       20.9952360000        0.0000000000      -15.0208680000
C       20.9954440000        0.0000000000      -13.5812160000
C       16.0534440000        0.0000000000      -13.5809210000
C       16.0533880000        0.0000000000      -15.0205250000
C       13.5847120000        0.0000000000      -15.0164970000
C       13.5823480000        0.0000000000      -13.5771390000
C        8.6328630000        0.0000000000      -13.5768910000
C        8.6709610000        0.0000000000      -15.0199150000
C       27.1962780000        0.0000000000      -15.7032450000
C       27.1982050000        0.0000000000       17.0659200000
C       22.2422990000        0.0000000000       17.0700460000
C       22.2403590000        0.0000000000      -15.7069450000
C       19.7630640000        0.0000000000      -15.7098380000
C       19.7650020000        0.0000000000       17.0732360000
C       14.8101770000        0.0000000000       17.0703950000
C       14.8081710000        0.0000000000      -15.7064480000
C       12.3307680000        0.0000000000      -15.7026360000
C       12.3328490000        0.0000000000       17.0670960000
