    156     0     0     0      10470.492       1.427918       0.003136 [1,0]
    156     0     0     0      10383.160       1.431558       0.001680 [1,1]
    156     0     0     0      10343.080       1.427262       0.004335 [2,0]
    156     0     0     0      10219.175       1.426223       0.004335 [2,1]
    156     0     0     0      10141.969       1.434586       0.009521 [3,0]
    156     0     0     0      10229.330       1.428514       0.006711 [1,2]
    156     0     0     0       9982.252       1.420234       0.014501 [3,1]
    156     0     0     0       9992.889       1.412381       0.014632 [1,3]
    156     0     0     0      10021.196       1.432911       0.009264 [2,2]
    156     0     0     0      10524.366       1.431105       0.000048 [0,0]
    156     0     0     0       9783.011       1.409828       0.014233 [3,2]
