    180     0     0     0      13075.633       1.414978       0.017685 [4,0]
    180     0     0     0      13625.231       1.427102       0.001688 [1,0]
    180     0     0     0      13661.892       1.428731       0.000005 [0,0]
    180     0     0     0      13551.807       1.429132       0.000336 [1,1]
    180     0     0     0      13515.143       1.427227       0.002419 [2,0]
    180     0     0     0      13331.471       1.430933       0.001934 [3,0]
    180     0     0     0      13405.103       1.426525       0.002972 [2,1]
    180     0     0     0      13184.595       1.428837       0.007631 [3,1]
    180     0     0     0      13221.631       1.430441       0.002010 [2,2]
    180     0     0     0      12965.436       1.415200       0.017982 [3,2]
