    168     0     0     0      11395.480       1.412543       0.018486 [4,1]
    168     0     0     0      11580.118       1.422549       0.011724 [4,0]
    168     0     0     0      11688.434       1.436438       0.014229 [3,1]
    168     0     0     0      11836.567       1.428146       0.005467 [3,0]
    168     0     0     0      11690.712       1.423766       0.012888 [1,3]
    168     0     0     0      11726.779       1.424616       0.017736 [2,2]
    168     0     0     0      11910.134       1.425929       0.003200 [1,2]
    168     0     0     0      12019.867       1.426527       0.001854 [2,0]
    168     0     0     0      12056.509       1.427105       0.001642 [1,1]
    168     0     0     0      11909.731       1.426215       0.003575 [2,1]
    168     0     0     0      12129.799       1.425908       0.000877 [1,0]
    168     0     0     0      12166.440       1.426559       0.000028 [0,0]
