    222     0     0     0      20968.238       1.426437       0.000621 [1,1]
    222     0     0     0      21028.973       1.428169       0.001548 [1,0]
    222     0     0     0      20918.150       1.428349       0.002210 [2,0]
    222     0     0     0      20820.623       1.429233       0.002323 [2,1]
    222     0     0     0      20733.925       1.426049       0.001575 [3,0]
    222     0     0     0      21066.408       1.426690       0.000074 [0,0]
    222     0     0     0      20599.546       1.428043       0.005260 [3,1]
    222     0     0     0      20475.675       1.433418       0.010140 [4,0]
    222     0     0     0      20305.624       1.420505       0.013585 [4,1]
    222     0     0     0      20574.450       1.425820       0.003171 [2,2]
    222     0     0     0      20305.373       1.419962       0.014527 [2,3]
    222     0     0     0      20303.957       1.435465       0.011159 [3,2]
    222     0     0     0      20848.791       1.428107       0.003785 [1,2]
    222     0     0     0      20346.902       1.414180       0.016496 [1,4]
    222     0     0     0      20552.906       1.428973       0.004215 [1,3]
    222     0     0     0      20093.501       1.410398       0.015664 [4,2]
