    312     0     0     0      99039.431       1.414393       0.017331 [5,1]
    312     0     0     0      99039.084       1.428979       0.007607 [5,0]
    312     0     0     0      98965.490       1.430726       0.002101 [4,1]
    312     0     0     0      98965.758       1.426202       0.001953 [4,0]
    312     0     0     0      98892.531       1.427318       0.002328 [3,1]
    312     0     0     0      98818.965       1.428846       0.000578 [3,0]
    312     0     0     0      98672.063       1.427307       0.001660 [2,1]
    312     0     0     0      98598.852       1.427293       0.001308 [2,0]
    312     0     0     0      98452.240       1.428446       0.000144 [1,1]
    312     0     0     0      98305.337       1.427308       0.001180 [1,0]
    312     0     0     0      97938.434       1.428394       0.000003 [0,0]
    312     0     0     0      96510.904       1.415002       0.017937 [4,3]
    312     0     0     0      97058.998       1.430069       0.002200 [3,3]
    312     0     0     0      96618.509       1.428426       0.007543 [4,2]
    312     0     0     0      97132.242       1.426320       0.002909 [3,2]
    312     0     0     0      97572.218       1.429059       0.000421 [2,2]
