    216     0     0     0      18940.648       1.424882       0.010712 [3,2]
    216     0     0     0      18867.824       1.424754       0.015278 [4,1]
    216     0     0     0      19160.574       1.426194       0.002915 [3,1]
    216     0     0     0      19197.033       1.426811       0.002992 [2,2]
    216     0     0     0      19051.008       1.425107       0.003988 [4,0]
    216     0     0     0      19307.068       1.426229       0.001534 [3,0]
    216     0     0     0      19380.202       1.425497       0.001263 [2,1]
    216     0     0     0      19526.553       1.425948       0.000432 [1,1]
    216     0     0     0      19489.987       1.425473       0.000776 [2,0]
    216     0     0     0      19599.730       1.425341       0.000508 [1,0]
    216     0     0     0      19636.300       1.425711       0.000002 [0,0]
    216     0     0     0      18721.537       1.424545       0.028324 [5,0]
