    234     0     0     0      23496.257       1.426128       0.000228 [1,0]
    234     0     0     0      23532.846       1.425869       0.000034 [0,0]
    234     0     0     0      23423.055       1.425958       0.000596 [1,1]
    234     0     0     0      23386.445       1.426072       0.000853 [2,0]
    234     0     0     0      23276.692       1.426335       0.001244 [1,2]
    234     0     0     0      23203.301       1.426594       0.001575 [3,0]
    234     0     0     0      23057.150       1.426101       0.003110 [1,3]
    234     0     0     0      22946.648       1.428382       0.005640 [4,0]
    234     0     0     0      22764.650       1.423485       0.010347 [1,4]
    234     0     0     0      22617.306       1.422385       0.011246 [5,0]
    234     0     0     0      22837.687       1.424477       0.012505 [2,3]
    234     0     0     0      23093.605       1.426334       0.003230 [2,2]
    234     0     0     0      22763.713       1.430730       0.017357 [4,1]
    234     0     0     0      23276.538       1.426437       0.001811 [2,1]
    234     0     0     0      23056.163       1.427001       0.004270 [3,1]
    234     0     0     0      22836.820       1.424669       0.017401 [3,2]
    234     0     0     0      22394.811       1.412843       0.018636 [5,1]

