    294     0     0     0      36419.117       1.425876       0.000314 [1,0]
    294     0     0     0      36455.714       1.425577       0.000001 [0,0]
    294     0     0     0      36345.935       1.425586       0.000200 [1,1]
    294     0     0     0      36309.344       1.425870       0.000467 [2,0]
    294     0     0     0      36199.545       1.425974       0.000603 [2,1]
    294     0     0     0      36126.406       1.425609       0.000614 [3,0]
    294     0     0     0      36016.455       1.426029       0.001250 [2,2]
    294     0     0     0      35979.946       1.426120       0.001479 [3,1]
    294     0     0     0      35870.282       1.426230       0.001686 [4,0]
    294     0     0     0      35687.096       1.426130       0.003133 [4,1]
    294     0     0     0      35759.965       1.426864       0.003143 [3,2]
    294     0     0     0      35541.016       1.425538       0.004797 [5,0]
    294     0     0     0      35321.031       1.425015       0.015918 [5,1]
    294     0     0     0      35430.299       1.425513       0.011490 [4,2]
    294     0     0     0      35466.644       1.425741       0.010393 [3,3]
    294     0     0     0      35138.140       1.424486       0.028716 [6,0]
