    384     0     0     0      61285.641       1.426951       0.003341 [3,3]
    384     0     0     0      61578.949       1.426207       0.001581 [2,3]
    384     0     0     0      62274.602       1.425947       0.000008 [0,0]
    384     0     0     0      62238.007       1.425832       0.000159 [1,0]
    384     0     0     0      60919.052       1.426155       0.010618 [4,3]
    384     0     0     0      62164.799       1.426061       0.000217 [1,1]
    384     0     0     0      62018.387       1.425930       0.000395 [2,1]
    384     0     0     0      61835.309       1.426129       0.000827 [2,2]
    384     0     0     0      61505.945       1.426361       0.001545 [4,1]
    384     0     0     0      61689.058       1.426027       0.000787 [4,0]
    384     0     0     0      61359.721       1.426277       0.001871 [5,0]
    384     0     0     0      60846.257       1.425659       0.011917 [5,2]
    384     0     0     0      60700.393       1.425116       0.016210 [6,1]
    384     0     0     0      61249.216       1.426777       0.003297 [4,2]
    384     0     0     0      61139.847       1.426351       0.003431 [5,1]
    384     0     0     0      62128.204       1.425947       0.000292 [2,0]
    384     0     0     0      61798.767       1.426025       0.000748 [3,1]
    384     0     0     0      60957.130       1.425803       0.005385 [6,0]
    384     0     0     0      60480.785       1.424492       0.028795 [7,0]
    384     0     0     0      61945.206       1.426126       0.000402 [3,0]
