  150

 C     0.461437    -1.031060     0.020113
 C    -0.775585     1.116740     0.020102
 C     1.699091    -3.172341     0.020124
 C    -2.007568     3.261342     0.020100
 C     2.933895    -5.315083     0.020120
 C    -3.246980     5.399310     0.020104
 C     4.170495    -7.470751     0.020114
 C    -4.498484     7.539726     0.020115
 C     0.460609    -5.318527     0.020118
 C     1.699341    -4.602340     0.020121
 C     1.705325     3.970168     0.020181
 C    -2.012180    -6.747944     0.020122
 C     2.936272     6.112956     0.020386
 C    -3.208806    -8.873658     0.020121
 C    -3.239686    -7.466281     0.020122
 C     4.175134    -0.315177     0.020137
 C    -4.487753     1.831733     0.020127
 C     5.416842     1.823526     0.020091
 C    -5.722917     1.119928     0.020124
 C     6.645853     3.969631     0.019877
 C    -8.200894    -0.324776     0.020120
 C    -9.404873    -1.053945     0.020122
 C     0.464574     1.830958     0.020101
 C    -0.773127     3.972718     0.020098
 C    -0.782536    -4.600999     0.020120
 C     1.701626    -0.316732     0.020111
 C    -2.007514     6.116446     0.020091
 C    -2.011747    -5.312014     0.020121
 C     2.933494    -2.460767     0.020129
 C     2.938781     3.257126     0.020196
 C    -3.244328     8.272893     0.020101
 C     4.173582    -4.597886     0.020126
 C     4.177322     5.398396     0.020361
 C    -4.488603     3.262400     0.020125
 C     5.414021    -1.029650     0.020152
 C     5.424988    -6.737537     0.020116
 C     6.647369     1.115408     0.020083
 C     7.892155     3.261641     0.019673
 C     0.398944    11.824273     0.020092
 C     0.447660    10.420141     0.020082
 C     0.459776    -2.455737     0.020120
 C     0.460969    -6.738278     0.020119
 C     0.463859     7.538909     0.020161
 C     0.464923     6.119114     0.020165
 C     0.465914     3.255750     0.020113
 C     0.477525    -9.618852     0.020122
 C     0.527154   -11.022865     0.020122
 C    -0.772807     9.685250     0.020081
 C    -0.773521     5.402871     0.020102
 C    -0.774966     8.255904     0.020091
 C    -0.775896    -7.462662     0.020122
 C    -0.777253    -0.314359     0.020113
 C    -0.777493    -8.888060     0.020122
 C    -0.779943    -3.169897     0.020121
 C    -0.823146    12.509391     0.020106
 C    10.328847    -1.035002     0.020163
 C    10.329989     1.858995     0.020154
 C    10.331695     3.244538     0.019643
 C    10.352274    -2.451245     0.020150
 C    10.389393    -5.254377     0.020123
 C   -10.656770     3.959639     0.020120
 C   -10.664235     5.345332     0.020121
 C    11.583219    -3.151672     0.020126
 C    11.592895    -4.537300     0.020116
 C     1.698164    -8.883884     0.020120
 C     1.700196     8.263449     0.020257
 C     1.700378    -7.454633     0.020118
 C     1.702172     9.688876     0.020155
 C     1.703264     1.114353     0.020114
 C     1.707688     5.401385     0.020242
 C     1.749366   -11.707510     0.020122
 C    -2.005588     7.544957     0.020086
 C    -2.008686     1.830751     0.020109
 C    -2.009395    -9.567263     0.020121
 C    -2.011254    10.392407     0.020093
 C    -2.012213    -1.025154     0.020123
 C    -2.013508    -2.456642     0.020122
 C    -2.018716    11.808936     0.020108
 C     2.931345    -6.743506     0.020115
 C     2.933970    10.367937     0.020147
 C     2.934922    -1.030217     0.020125
 C     2.936006     7.548758     0.020428
 C     2.936953    -9.590467     0.020121
 C     2.937908     1.825614     0.020142
 C     2.944873   -11.006824     0.020122
 C    -3.226045     9.663928     0.020110
 C    -3.245524     3.979492     0.020111
 C    -3.249234     1.116384     0.020124
 C    -3.250433    -0.308440     0.020125
 C    -3.252228    -3.171674     0.020121
 C    -3.252833    -4.597325     0.020121
 C     4.133194     9.674543     0.020375
 C     4.151619    -8.861711     0.020117
 C     4.162976     8.267304     0.020570
 C     4.172007    -3.178017     0.020134
 C     4.176282     1.109592     0.020140
 C     4.177044     3.972814     0.020229
 C    -4.490043     6.117892     0.020116
 C    -4.491256    -5.309573     0.020122
 C    -4.491395    -1.021393     0.020123
 C    -4.491607    -2.456665     0.020121
 C    -4.502418    -6.746512     0.020121
 C     5.414942    -2.460423     0.020143
 C     5.415131     6.111008     0.020361
 C     5.416724     3.258699     0.020090
 C     5.417170    -5.315693     0.020124
 C     5.424994     7.547693     0.020590
 C    -5.717222    -7.425074     0.020122
 C    -5.718283     3.972245     0.020126
 C    -5.721033    -3.166787     0.020122
 C    -5.721636    -0.312145     0.020122
 C    -5.722252    -4.598309     0.020122
 C    -5.726975     5.405333     0.020125
 C    -5.731902     8.218085     0.020122
 C     6.638528     8.227617     0.020547
 C     6.644861    -3.169758     0.020141
 C     6.646641     5.401017     0.020010
 C     6.648656    -0.316814     0.020157
 C     6.654423    -4.603114     0.020131
 C     6.658612    -7.415407     0.020116
 C    -6.932119     7.526665     0.020123
 C    -6.955445    -6.736417     0.020124
 C    -6.958748     3.258061     0.020124
 C    -6.958869     1.836614     0.020122
 C    -6.959872     6.120426     0.020125
 C    -6.961623    -5.310091     0.020124
 C    -6.965496    -1.029249     0.020121
 C    -6.966523    -2.457089     0.020122
 C     7.859255    -6.724365     0.020121
 C     7.884430    -1.033076     0.020179
 C     7.884757    -2.454649     0.020160
 C     7.887811    -5.317784     0.020131
 C     7.890866     1.833674     0.019952
 C    -8.179474    -7.449608     0.020123
 C    -8.195025     3.975274     0.020121
 C    -8.202231    -3.167177     0.020122
 C    -8.207940    -4.619233     0.020123
 C    -8.208984     1.128157     0.020120
 C    -8.220255     5.399737     0.020122
 C     9.121284    -3.171300     0.020152
 C     9.126146     1.129627     0.020098
 C     9.127909     3.972629     0.019206
 C     9.133655    -0.323301     0.020193
 C     9.148118    -4.596024     0.020136
 C    -9.383160    -6.762984     0.020122
 C    -9.400071    -5.362299     0.020122
 C    -9.404271     1.840367     0.020120
 C    -9.406020    -2.439284     0.020122
 C    -9.427073     3.256820     0.020120
 C    -9.459905     6.060643     0.020121
