  294
 
 C     0.000000     0.000000     0.000000
 C     0.000000     0.000000     1.363976
 C     2.472536     0.000000     1.389783
 C     2.472512     0.000000    -0.025944
 C     4.940957     0.000000    -0.029778
 C     4.941006     0.000000     1.393557
 C     7.410538     0.000000     1.394203
 C     7.410489     0.000000    -0.030480
 C     9.879320     0.000000    -0.030652
 C     9.879345     0.000000     1.394274
 C    12.348947     0.000000     1.394748
 C    12.348947     0.000000    -0.031224
 C    14.818631     0.000000    -0.031052
 C    14.818631     0.000000     1.394524
 C    17.287809     0.000000     1.394524
 C    17.287809     0.000000    -0.031052
 C    19.757493     0.000000    -0.031224
 C    19.757493     0.000000     1.394748
 C    22.227105     0.000000     1.394274
 C    22.227105     0.000000    -0.030652
 C    24.695942     0.000000    -0.030523
 C    24.695917     0.000000     1.394160
 C    27.165456     0.000000     1.393470
 C    27.165481     0.000000    -0.029865
 C    29.633923     0.000000    -0.026073
 C    29.633923     0.000000     1.389654
 C    32.106460     0.000000     1.363804
 C    32.106436     0.000000    -0.000172
 C    16.053362     0.000000    14.932633
 C    17.288068     0.000000    14.243795
 C    17.288420     0.000000    12.804637
 C    16.053287     0.000000    12.095666
 C    16.053212     0.000000    10.664153
 C    14.819094     0.000000     9.951835
 C    14.818496     0.000000     8.524020
 C    16.053124     0.000000     7.811695
 C    16.053124     0.000000     6.384799
 C    17.287469     0.000000     5.672006
 C    17.287618     0.000000     4.246034
 C    16.053075     0.000000     3.533586
 C    16.053324     0.000000   -13.569244
 C    14.818547     0.000000   -12.880422
 C    14.818170     0.000000   -11.441227
 C    16.053289     0.000000   -10.732121
 C    16.053239     0.000000    -9.300615
 C    17.287277     0.000000    -8.588257
 C    17.287776     0.000000    -7.160523
 C    16.053165     0.000000    -6.448238
 C    16.053165     0.000000    -5.021275
 C    17.287526     0.000000    -4.308559
 C    17.287675     0.000000    -2.883066
 C    16.053046     0.000000    -2.170367
 C     8.617389     0.000000    14.925366
 C     9.886274     0.000000    14.236991
 C     9.875995     0.000000    12.797021
 C     8.649921     0.000000    12.089176
 C     8.641571     0.000000    10.661199
 C     9.880806     0.000000     9.949471
 C     9.877369     0.000000     8.522719
 C     8.644114     0.000000     7.811732
 C     8.642123     0.000000     6.385617
 C     9.878756     0.000000     5.672079
 C     9.878482     0.000000     4.246833
 C     8.644295     0.000000     3.533814
 C     8.617264     0.000000   -13.561983
 C     9.886165     0.000000   -12.873513
 C     9.875835     0.000000   -11.433527
 C     8.649734     0.000000   -10.725722
 C     8.641485     0.000000    -9.297744
 C     9.880735     0.000000    -8.586035
 C     9.877299     0.000000    -7.159288
 C     8.643986     0.000000    -6.448325
 C     8.641995     0.000000    -5.022199
 C     9.878659     0.000000    -4.308729
 C     9.878261     0.000000    -2.883354
 C     8.644068     0.000000    -2.170276
 C    23.489412     0.000000   -13.561587
 C    22.220513     0.000000   -12.873232
 C    22.230667     0.000000   -11.433145
 C    23.456706     0.000000   -10.725234
 C    23.465030     0.000000    -9.297357
 C    22.225754     0.000000    -8.585691
 C    22.229141     0.000000    -7.158944
 C    23.462420     0.000000    -6.447972
 C    23.464286     0.000000    -5.021812
 C    22.227508     0.000000    -4.308420
 C    22.227806     0.000000    -2.883138
 C    23.461986     0.000000    -2.170038
 C    23.489210     0.000000    14.925340
 C    22.220397     0.000000    14.236689
 C    22.230550     0.000000    12.796791
 C    23.456578     0.000000    12.089143
 C    23.464902     0.000000    10.661167
 C    22.225656     0.000000     9.949460
 C    22.229067     0.000000     8.522708
 C    23.462285     0.000000     7.811656
 C    23.464177     0.000000     6.385586
 C    22.227528     0.000000     5.672124
 C    22.227951     0.000000     4.246784
 C    23.462086     0.000000     3.533797
 C    28.394899     0.000000    -6.443410
 C    28.415726     0.000000    -5.029713
 C    25.934527     0.000000    -6.449078
 C    25.938032     0.000000    -5.024947
 C    20.991456     0.000000    -6.446612
 C    20.992775     0.000000    -5.020950
 C    18.522203     0.000000    -6.447453
 C    18.523063     0.000000    -5.021178
 C    13.584135     0.000000    -6.447548
 C    13.583264     0.000000    -5.021304
 C    11.114909     0.000000    -6.446998
 C    11.113590     0.000000    -5.021337
 C     6.171856     0.000000    -6.449619
 C     6.168301     0.000000    -5.025475
 C     3.711402     0.000000    -6.443779
 C     3.690526     0.000000    -5.030083
 C    28.394895     0.000000     7.807352
 C    28.415746     0.000000     6.393629
 C    25.934594     0.000000     7.812934
 C    25.938025     0.000000     6.388793
 C    20.991332     0.000000     7.810375
 C    20.992798     0.000000     6.384651
 C    18.522292     0.000000     7.810892
 C    18.523036     0.000000     6.384614
 C    13.583936     0.000000     7.810987
 C    13.583039     0.000000     6.384704
 C    11.114831     0.000000     7.810342
 C    11.113486     0.000000     6.384606
 C     6.171978     0.000000     7.812983
 C     6.168423     0.000000     6.388786
 C     3.711523     0.000000     7.807401
 C     3.690647     0.000000     6.393684
 C     7.435995     0.000000   -12.880005
 C    11.096029     0.000000   -13.562741
 C    12.349715     0.000000   -12.876965
 C    13.574460     0.000000   -13.566679
 C    17.288069     0.000000   -12.880384
 C    18.532196     0.000000   -13.566555
 C    19.756936     0.000000   -12.876759
 C    21.010615     0.000000   -13.562478
 C    24.670633     0.000000   -12.879526
 C    24.708925     0.000000   -11.436464
 C    20.989816     0.000000   -10.726381
 C    19.758845     0.000000   -11.437784
 C    18.521944     0.000000   -10.730322
 C    17.288421     0.000000   -11.441154
 C    13.584607     0.000000   -10.730464
 C    12.347731     0.000000   -11.437996
 C    11.116625     0.000000   -10.726654
 C     7.397603     0.000000   -11.436942
 C     6.195880     0.000000   -10.733755
 C     6.162862     0.000000    -9.305185
 C     7.409982     0.000000    -8.587393
 C    11.113407     0.000000    -9.297661
 C    12.350705     0.000000    -8.587189
 C    13.583109     0.000000    -9.299681
 C    14.819144     0.000000    -8.588310
 C    18.523413     0.000000    -9.299528
 C    19.755775     0.000000    -8.586985
 C    20.993102     0.000000    -9.297335
 C    24.696500     0.000000    -8.586940
 C    25.943631     0.000000    -9.304710
 C    25.910680     0.000000   -10.733258
 C    27.153249     0.000000    -8.588860
 C    27.181044     0.000000    -7.168391
 C    24.702245     0.000000    -7.162060
 C    19.757649     0.000000    -7.159076
 C    14.818596     0.000000    -7.160581
 C    12.348725     0.000000    -7.159280
 C     7.404177     0.000000    -7.162478
 C     4.925361     0.000000    -7.168935
 C     4.953225     0.000000    -8.589409
 C     4.936680     0.000000    -4.310355
 C     7.408004     0.000000    -4.309668
 C    12.349213     0.000000    -4.308881
 C    14.818767     0.000000    -4.308623
 C    19.757077     0.000000    -4.308691
 C    24.698307     0.000000    -4.309163
 C    27.169544     0.000000    -4.309853
 C    29.631977     0.000000    -4.295328
 C    29.647015     0.000000    -2.889868
 C    28.401822     0.000000    -2.168897
 C    27.170737     0.000000    -2.886339
 C    25.932386     0.000000    -2.169618
 C    24.698357     0.000000    -2.884346
 C    20.991966     0.000000    -2.169683
 C    19.757674     0.000000    -2.882370
 C    18.522719     0.000000    -2.169713
 C    14.818369     0.000000    -2.882979
 C    13.583463     0.000000    -2.169949
 C    12.348491     0.000000    -2.882580
 C    11.114089     0.000000    -2.169878
 C     7.407830     0.000000    -2.884621
 C     6.173789     0.000000    -2.170021
 C     4.935413     0.000000    -2.886711
 C     3.704288     0.000000    -2.169085
 C     2.459136     0.000000    -2.890294
 C     2.474272     0.000000    -4.295757
 C     1.238430     0.000000    -2.147451
 C     1.230555     0.000000    -0.754765
 C     3.704994     0.000000    -0.747188
 C     6.174833     0.000000    -0.746125
 C     8.644552     0.000000    -0.744547
 C    11.114274     0.000000    -0.744372
 C    13.583454     0.000000    -0.744196
 C    16.053241     0.000000    -0.743854
 C    18.522997     0.000000    -0.744188
 C    20.992165     0.000000    -0.744378
 C    23.461874     0.000000    -0.744552
 C    25.931586     0.000000    -0.746195
 C    28.401429     0.000000    -0.747299
 C    30.875873     0.000000    -0.754925
 C    30.867696     0.000000    -2.146982
 C    30.875884     0.000000     2.118512
 C    28.401422     0.000000     2.110857
 C    25.931569     0.000000     2.109780
 C    23.461856     0.000000     2.108192
 C    20.992167     0.000000     2.107903
 C    18.522990     0.000000     2.107685
 C    16.053216     0.000000     2.107283
 C    13.583449     0.000000     2.107689
 C    11.114284     0.000000     2.107927
 C     8.644600     0.000000     2.108183
 C     6.174920     0.000000     2.109896
 C     3.705055     0.000000     2.110961
 C     1.230584     0.000000     2.118670
 C     1.238677     0.000000     3.511044
 C     2.459398     0.000000     4.253897
 C     3.704576     0.000000     3.532673
 C     4.935756     0.000000     4.250129
 C     6.174100     0.000000     3.533414
 C     7.408121     0.000000     4.248182
 C    11.114250     0.000000     3.533305
 C    12.348640     0.000000     4.245980
 C    13.583623     0.000000     3.533264
 C    14.818325     0.000000     4.246105
 C    18.522741     0.000000     3.533126
 C    19.757711     0.000000     4.245763
 C    20.992198     0.000000     3.533261
 C    24.698263     0.000000     4.248159
 C    25.932464     0.000000     3.533298
 C    27.170840     0.000000     4.249947
 C    28.401918     0.000000     3.532562
 C    29.647093     0.000000     4.253726
 C    30.867816     0.000000     3.510886
 C    29.632019     0.000000     5.659207
 C    27.169570     0.000000     5.673737
 C    24.698135     0.000000     5.673062
 C    19.757034     0.000000     5.672107
 C    14.818458     0.000000     5.671939
 C    12.349126     0.000000     5.672221
 C     7.408167     0.000000     5.673078
 C     4.936978     0.000000     5.673795
 C     2.474344     0.000000     5.659355
 C     4.925438     0.000000     8.532296
 C     7.404298     0.000000     8.525869
 C    12.348719     0.000000     8.522785
 C    17.287765     0.000000     8.523998
 C    19.757653     0.000000     8.522628
 C    24.702123     0.000000     8.525833
 C    27.180978     0.000000     8.532256
 C    27.153157     0.000000     9.952755
 C    25.943495     0.000000    10.668517
 C    24.696353     0.000000     9.950731
 C    20.993039     0.000000    10.660940
 C    19.755665     0.000000     9.950555
 C    18.523292     0.000000    10.663105
 C    17.287260     0.000000     9.951732
 C    13.583068     0.000000    10.663242
 C    12.347996     0.000000     9.950785
 C    11.113453     0.000000    10.661141
 C     7.410042     0.000000     9.950767
 C     6.162944     0.000000    10.668576
 C     4.953268     0.000000     9.952805
 C     6.195961     0.000000    12.097165
 C     7.397754     0.000000    12.800337
 C    11.116796     0.000000    12.090208
 C    12.347762     0.000000    12.801508
 C    13.584616     0.000000    12.094024
 C    14.818180     0.000000    12.804730
 C    18.521775     0.000000    12.093896
 C    19.758631     0.000000    12.801384
 C    20.989722     0.000000    12.090007
 C    24.708753     0.000000    12.800276
 C    25.910502     0.000000    12.097108
 C    24.670481     0.000000    14.243338
 C    21.010571     0.000000    14.925923
 C    19.756877     0.000000    14.240228
 C    18.532174     0.000000    14.929946
 C    14.818581     0.000000    14.243870
 C    13.574540     0.000000    14.930079
 C    12.349798     0.000000    14.240451
 C    11.096140     0.000000    14.926212
 C     7.436114     0.000000    14.243411
