  414
 
 C     0.000000     0.000000     0.000000
 C     0.000000     0.000000     1.438209
 C     2.472419     0.000000     1.430571
 C     2.472419     0.000000     0.007604
 C     4.945663     0.000000     0.005144
 C     4.945663     0.000000     1.433038
 C     7.420221     0.000000     1.432433
 C     7.420221     0.000000     0.005766
 C     9.892065     0.000000     0.005809
 C     9.892065     0.000000     1.432353
 C    12.364656     0.000000     1.433044
 C    12.364656     0.000000     0.005109
 C    14.837122     0.000000     0.005583
 C    14.837122     0.000000     1.432551
 C    17.308712     0.000000     1.432551
 C    17.308712     0.000000     0.005583
 C    19.781178     0.000000     0.005109
 C    19.781178     0.000000     1.433044
 C    22.253769     0.000000     1.432353
 C    22.253769     0.000000     0.005809
 C    24.725613     0.000000     0.005766
 C    24.725613     0.000000     1.432433
 C    27.200170     0.000000     1.433038
 C    27.200170     0.000000     0.005144
 C    29.673412     0.000000     0.007604
 C    29.673412     0.000000     1.430571
 C    32.145832     0.000000     1.438209
 C    32.145832     0.000000     0.000000
 C    16.072953     0.000000   -17.814082
 C    14.851071     0.000000   -17.120888
 C    14.841561     0.000000   -15.690768
 C    16.072964     0.000000   -14.978384
 C    16.072964     0.000000   -13.546809
 C    17.309006     0.000000   -12.838405
 C    17.309255     0.000000   -11.411341
 C    16.072980     0.000000   -10.699331
 C    16.072980     0.000000    -9.270248
 C    14.836948     0.000000    -8.558148
 C    14.837073     0.000000    -7.131011
 C    16.072982     0.000000    -6.418063
 C    16.072982     0.000000    -4.989676
 C    17.308751     0.000000    -4.276405
 C    17.308801     0.000000    -2.849383
 C    16.072984     0.000000    -2.135941
 C    16.072953     0.000000    19.252217
 C    14.851070     0.000000    18.559022
 C    14.841560     0.000000    17.128902
 C    16.072963     0.000000    16.416518
 C    16.072963     0.000000    14.984943
 C    17.309005     0.000000    14.276539
 C    17.309254     0.000000    12.849475
 C    16.072980     0.000000    12.137466
 C    16.072980     0.000000    10.708383
 C    17.309013     0.000000     9.996283
 C    17.308888     0.000000     8.569146
 C    16.072979     0.000000     7.856197
 C    16.072979     0.000000     6.427810
 C    14.837210     0.000000     5.714540
 C    14.837160     0.000000     4.287518
 C    16.072977     0.000000     3.574076
 C    25.979536     0.000000   -13.522009
 C    24.732184     0.000000   -12.840970
 C    24.731340     0.000000   -11.418507
 C    25.969845     0.000000   -10.703139
 C    25.965599     0.000000    -9.272181
 C    24.725698     0.000000    -8.559264
 C    24.724703     0.000000    -7.133227
 C    25.959963     0.000000    -6.416768
 C    25.961482     0.000000    -4.990121
 C    24.723844     0.000000    -4.275599
 C    24.725138     0.000000    -2.849116
 C    25.961977     0.000000    -2.133904
 C    25.979523     0.000000    14.960294
 C    24.732183     0.000000    14.279234
 C    24.731364     0.000000    12.856770
 C    25.969882     0.000000    12.141423
 C    25.965662     0.000000    10.710465
 C    24.725774     0.000000     9.997527
 C    24.724803     0.000000     8.571491
 C    25.960077     0.000000     7.855053
 C    25.961620     0.000000     6.428407
 C    24.723993     0.000000     5.713863
 C    24.725313     0.000000     4.287380
 C    25.962164     0.000000     3.572190
 C     6.166394     0.000000    14.960150
 C     7.413734     0.000000    14.279089
 C     7.414554     0.000000    12.856626
 C     6.176036     0.000000    12.141280
 C     6.180257     0.000000    10.710322
 C     7.420146     0.000000     9.997383
 C     7.421116     0.000000     8.571346
 C     6.185844     0.000000     7.854909
 C     6.184300     0.000000     6.428262
 C     7.421926     0.000000     5.713718
 C     7.420607     0.000000     4.287235
 C     6.183756     0.000000     3.572044
 C     6.166395     0.000000   -13.522016
 C     7.413734     0.000000   -12.840956
 C     7.414554     0.000000   -11.418492
 C     6.176035     0.000000   -10.703145
 C     6.180256     0.000000    -9.272187
 C     7.420144     0.000000    -8.559248
 C     7.421115     0.000000    -7.133213
 C     6.185841     0.000000    -6.416775
 C     6.184297     0.000000    -4.990129
 C     7.421924     0.000000    -4.275584
 C     7.420605     0.000000    -2.849102
 C     6.183754     0.000000    -2.133912
 C    33.363870     0.000000     6.479521
 C    33.361405     0.000000     7.850494
 C    30.899888     0.000000     7.857625
 C    30.909631     0.000000     6.429848
 C    28.432120     0.000000     6.427502
 C    28.427595     0.000000     7.852138
 C    23.488355     0.000000     7.856994
 C    23.489277     0.000000     6.428258
 C    21.017158     0.000000     6.429208
 C    21.017133     0.000000     7.856034
 C    18.545880     0.000000     7.855832
 C    18.545706     0.000000     6.428505
 C    13.600261     0.000000     6.428491
 C    13.600061     0.000000     7.855818
 C    11.128845     0.000000     7.855861
 C    11.128820     0.000000     6.429036
 C     8.656625     0.000000     6.428124
 C     8.657547     0.000000     7.856861
 C     3.718329     0.000000     7.852024
 C     3.713779     0.000000     6.427386
 C     1.236117     0.000000     6.429851
 C     1.245911     0.000000     7.857628
 C    -1.215607     0.000000     7.850583
 C    -1.218120     0.000000     6.479610
 C    33.361387     0.000000    -6.412286
 C    33.363852     0.000000    -5.041314
 C    30.909629     0.000000    -4.991619
 C    30.899860     0.000000    -6.419397
 C    28.427477     0.000000    -6.413840
 C    28.432003     0.000000    -4.989202
 C    22.254855     0.000000    -8.560514
 C    22.254282     0.000000    -7.132338
 C    19.781498     0.000000    -7.131173
 C    19.781723     0.000000    -8.559939
 C    17.309014     0.000000    -8.558148
 C    17.308889     0.000000    -7.131011
 C    12.364398     0.000000    -7.131098
 C    12.364223     0.000000    -8.559864
 C     9.890988     0.000000    -8.560456
 C     9.891536     0.000000    -7.132280
 C     3.718327     0.000000    -6.413847
 C     3.713801     0.000000    -4.989210
 C     1.236138     0.000000    -4.991631
 C     1.245907     0.000000    -6.419409
 C    -1.215611     0.000000    -6.412320
 C    -1.218099     0.000000    -5.041348
 C    22.257056     0.000000    12.853315
 C    22.255156     0.000000    14.286339
 C    19.779286     0.000000    14.282015
 C    19.781832     0.000000    12.851777
 C    12.364113     0.000000    12.851748
 C    12.366659     0.000000    14.281986
 C     9.890769     0.000000    14.286221
 C     9.888918     0.000000    12.853197
 C    19.779287     0.000000   -12.843881
 C    19.781833     0.000000   -11.413643
 C    22.257033     0.000000   -11.415095
 C    22.255157     0.000000   -12.848119
 C    14.836934     0.000000   -12.838383
 C    14.836710     0.000000   -11.411319
 C    12.364125     0.000000   -11.413607
 C    12.366671     0.000000   -12.843844
 C     9.890782     0.000000   -12.848079
 C     9.888931     0.000000   -11.415055
 C    14.836706     0.000000    12.849476
 C    14.836955     0.000000    14.276540
 C    11.128827     0.000000    -4.990940
 C    12.364831     0.000000    -4.277103
 C    12.364657     0.000000    -2.848897
 C    11.129060     0.000000    -2.135323
 C    11.128840     0.000000     2.146607
 C    11.129015     0.000000     3.573447
 C    12.364611     0.000000     4.287021
 C    12.364786     0.000000     5.715227
 C    19.781130     0.000000     5.715232
 C    19.781305     0.000000     4.287026
 C    18.545439     0.000000     3.573556
 C    18.545417     0.000000     2.146563
 C    21.016994     0.000000    -0.708448
 C    21.016819     0.000000    -2.135288
 C    22.253839     0.000000    -2.849481
 C    22.253316     0.000000    -4.276280
 C    21.017071     0.000000    -4.990889
 C    21.017021     0.000000    -6.417714
 C     3.710086     0.000000    -0.707872
 C     3.711307     0.000000    -2.135289
 C     2.473963     0.000000    -2.852638
 C     2.475809     0.000000    -4.274368
 C     2.475766     0.000000     5.712552
 C     2.473831     0.000000     4.290805
 C     3.711162     0.000000     3.573434
 C     3.710087     0.000000     2.146053
 C    28.449312     0.000000    12.134802
 C    28.436978     0.000000    10.712937
 C    29.668607     0.000000     9.990605
 C    29.667370     0.000000     8.567952
 C    29.670112     0.000000     5.712660
 C    29.671998     0.000000     4.290914
 C    30.913365     0.000000     3.579083
 C    30.913615     0.000000     2.148832
 C    30.913518     0.000000    -0.710530
 C    30.913269     0.000000    -2.140782
 C    29.671901     0.000000    -2.852612
 C    29.669994     0.000000    -4.274361
 C    29.667252     0.000000    -7.129653
 C    29.668493     0.000000    -8.552259
 C    30.911774     0.000000    -9.259087
 C    30.893099     0.000000   -10.687567
 C    19.770942     0.000000   -15.706987
 C    21.014476     0.000000   -14.988512
 C    18.547060     0.000000   -13.553130
 C    18.545738     0.000000   -14.985345
 C    11.129549     0.000000   -13.563029
 C    11.131489     0.000000   -14.988487
 C    13.600188     0.000000   -14.985312
 C    12.374984     0.000000   -15.706954
 C     2.477308     0.000000    -8.552257
 C     1.234027     0.000000    -9.259084
 C     3.696580     0.000000   -10.696473
 C     2.438783     0.000000   -11.375200
 C     1.232583     0.000000    -2.140830
 C    -0.000919     0.000000    -2.855262
 C    -1.214202     0.000000    -2.114584
 C    -1.213471     0.000000    -0.739718
 C     0.022822     0.000000     9.985761
 C     1.234115     0.000000    10.697303
 C     1.252840     0.000000    12.125783
 C     2.438922     0.000000    12.813386
 C    11.131458     0.000000    16.426607
 C     9.883372     0.000000    17.107001
 C    12.374992     0.000000    17.145083
 C    12.416120     0.000000    18.573717
 C    19.770941     0.000000    17.145121
 C    19.729813     0.000000    18.573756
 C    22.262566     0.000000    17.107024
 C    21.014475     0.000000    16.426646
 C    22.254396     0.000000     8.570570
 C    22.254970     0.000000     9.998746
 C    21.018390     0.000000    10.712714
 C    21.018610     0.000000    12.139104
 C    12.364363     0.000000     8.569216
 C    12.364163     0.000000     9.997982
 C    11.127596     0.000000    10.712548
 C    11.127272     0.000000    12.139090
 C     4.949857     0.000000     8.568243
 C     4.949957     0.000000     9.997784
 C     3.708982     0.000000    10.712789
 C     3.696648     0.000000    12.134655
 C     8.656609     0.000000    -2.135638
 C     9.892041     0.000000    -2.849517
 C     9.892582     0.000000    -4.276331
 C     8.656703     0.000000    -4.990010
 C    18.545700     0.000000    -4.990357
 C    19.781067     0.000000    -4.277052
 C    19.781222     0.000000    -2.848861
 C    18.545358     0.000000    -2.135392
 C    13.600523     0.000000    -2.135427
 C    14.837167     0.000000    -2.849383
 C    14.837212     0.000000    -4.276405
 C    13.600264     0.000000    -4.990356
 C    27.196248     0.000000    -4.275451
 C    27.199065     0.000000    -2.847457
 C    28.434540     0.000000    -2.135276
 C    28.435746     0.000000    -0.707872
 C    33.360049     0.000000    -2.114491
 C    33.359303     0.000000    -0.739718
 C    33.359370     0.000000     2.177818
 C    33.360261     0.000000     3.552581
 C    32.133721     0.000000     8.580824
 C    32.123246     0.000000     9.985602
 C    30.911876     0.000000    10.697454
 C    30.893176     0.000000    12.125932
 C    27.205324     0.000000    12.852493
 C    27.170494     0.000000    14.273554
 C    17.304366     0.000000    17.128902
 C    17.294834     0.000000    18.559022
 C    18.547059     0.000000    14.991272
 C    18.545750     0.000000    16.423465
 C    13.598887     0.000000    14.991235
 C    13.600196     0.000000    16.423440
 C    19.781565     0.000000     8.569225
 C    19.781739     0.000000     9.997991
 C    18.546800     0.000000    10.709854
 C    18.547345     0.000000    12.137915
 C    23.489957     0.000000     2.145866
 C    23.489308     0.000000     3.573917
 C    22.253924     0.000000     4.287770
 C    22.253390     0.000000     5.714577
 C    28.435747     0.000000     2.146053
 C    28.434526     0.000000     3.573470
 C    27.199160     0.000000     4.285737
 C    27.196366     0.000000     5.713751
 C    27.196081     0.000000     8.568373
 C    27.196002     0.000000     9.997950
 C    32.146880     0.000000     4.293494
 C    32.147169     0.000000     5.729568
 C    32.147180     0.000000    -4.291361
 C    32.146784     0.000000    -2.855193
 C    32.123042     0.000000    -8.547502
 C    32.133639     0.000000    -7.142686
 C    27.195928     0.000000    -8.559644
 C    27.195962     0.000000    -7.130081
 C    28.449239     0.000000   -10.696481
 C    28.436877     0.000000    -9.274614
 C    27.170490     0.000000   -12.835243
 C    27.205267     0.000000   -11.414200
 C    23.489366     0.000000   -10.703590
 C    23.490139     0.000000    -9.274053
 C    21.018612     0.000000   -10.700969
 C    21.018274     0.000000    -9.274482
 C    18.547330     0.000000   -10.699781
 C    18.546793     0.000000    -9.271863
 C    13.598631     0.000000   -10.699738
 C    13.599161     0.000000    -9.271720
 C    11.127345     0.000000   -10.700938
 C    11.127664     0.000000    -9.274396
 C     8.656602     0.000000   -10.703554
 C     8.655744     0.000000    -9.274053
 C     4.949915     0.000000    -8.559672
 C     4.949840     0.000000    -7.130130
 C     4.949556     0.000000    -4.275459
 C     4.946739     0.000000    -2.847466
 C     8.693191     0.000000   -14.980805
 C     8.659297     0.000000   -13.560046
 C    17.294835     0.000000   -17.120887
 C    17.304365     0.000000   -15.690800
 C    23.452774     0.000000   -14.980852
 C    23.486660     0.000000   -13.560102
 C    23.488242     0.000000    -6.418752
 C    23.489157     0.000000    -4.990027
 C    23.489121     0.000000    -2.135674
 C    23.489844     0.000000    -0.707749
 C    21.016994     0.000000     2.146600
 C    21.016901     0.000000     3.573453
 C    17.308793     0.000000     4.287517
 C    17.308749     0.000000     5.714540
 C    14.837053     0.000000     8.569136
 C    14.836925     0.000000     9.996273
 C    13.599106     0.000000    10.709885
 C    13.598594     0.000000    12.137848
 C     9.891581     0.000000     8.570398
 C     9.891007     0.000000     9.998574
 C     8.655718     0.000000    10.712150
 C     8.656491     0.000000    12.141724
 C     8.659271     0.000000    14.998200
 C     8.693150     0.000000    16.418947
 C     4.940634     0.000000    12.852350
 C     4.975463     0.000000    14.273411
 C    23.490250     0.000000    10.712280
 C    23.489501     0.000000    12.141854
 C    23.486626     0.000000    14.998332
 C    23.452722     0.000000    16.419077
 C    13.600417     0.000000     2.146563
 C    13.600476     0.000000     3.573551
 C     8.655867     0.000000     2.145891
 C     8.656590     0.000000     3.573816
 C     9.891995     0.000000     4.287641
 C     9.892504     0.000000     5.714445
 C     4.946577     0.000000     4.285719
 C     4.949273     0.000000     5.713714
 C     1.232313     0.000000     2.148739
 C     1.232563     0.000000     3.578991
 C    -0.000952     0.000000     4.293402
 C    -0.001403     0.000000     5.729567
 C     2.478567     0.000000     8.567859
 C     2.477371     0.000000     9.990433
 C    -1.213471     0.000000     2.177927
 C    -1.214222     0.000000     3.552703
 C     0.022757     0.000000    -8.547499
 C     0.012141     0.000000    -7.142722
 C     0.012163     0.000000     8.580972
 C    11.129524     0.000000    15.001158
 C    13.604627     0.000000    19.257092
 C    18.541278     0.000000    19.257093
 C    21.016391     0.000000    15.001188
 C    29.707107     0.000000    12.813532
 C    25.963051     0.000000     2.146669
 C    25.963052     0.000000    -0.708468
 C    18.545417     0.000000    -0.708429
 C    16.072913     0.000000    -0.707905
 C    13.600415     0.000000    -0.708426
 C    16.072913     0.000000     2.146040
 C    11.128886     0.000000    -0.708483
 C     8.655862     0.000000    -0.707714
 C     6.182759     0.000000    -0.708428
 C     6.182782     0.000000     2.146667
 C     1.232309     0.000000    -0.710578
 C    -0.001412     0.000000    -4.291374
 C     2.478533     0.000000    -7.129628
 C     3.708914     0.000000    -9.274609
 C     4.975430     0.000000   -12.835271
 C     4.940594     0.000000   -11.414215
 C     1.252702     0.000000   -10.687563
 C     8.657554     0.000000    -6.418720
 C    11.128868     0.000000    -6.417764
 C    13.600080     0.000000    -6.417697
 C    18.545759     0.000000    -6.417877
 C    21.016401     0.000000   -13.563056
 C    22.262569     0.000000   -15.668892
 C    29.707037     0.000000   -11.375206
 C    19.729814     0.000000   -17.135622
 C    18.541268     0.000000   -17.818976
 C    13.604627     0.000000   -17.818958
 C    12.416113     0.000000   -17.135589
 C     9.883398     0.000000   -15.668869
 C    13.598867     0.000000   -13.553095
