   414
    414     0     0     0     179477.943
B        0.0000000000        0.0000000000        0.0000000000
C        0.0000000000        0.0000000000        1.4382090000
C        2.4724190000        0.0000000000        1.4305710000
C        2.4724190000        0.0000000000        0.0076040000
C        4.9456630000        0.0000000000        0.0051440000
C        4.9456630000        0.0000000000        1.4330380000
C        7.4202210000        0.0000000000        1.4324330000
C        7.4202210000        0.0000000000        0.0057660000
C        9.8920650000        0.0000000000        0.0058090000
C        9.8920650000        0.0000000000        1.4323530000
C       12.3646560000        0.0000000000        1.4330440000
C       12.3646560000        0.0000000000        0.0051090000
C       14.8371220000        0.0000000000        0.0055830000
C       14.8371220000        0.0000000000        1.4325510000
C       17.3087120000        0.0000000000        1.4325510000
C       17.3087120000        0.0000000000        0.0055830000
C       19.7811780000        0.0000000000        0.0051090000
C       19.7811780000        0.0000000000        1.4330440000
C       22.2537690000        0.0000000000        1.4323530000
C       22.2537690000        0.0000000000        0.0058090000
C       24.7256130000        0.0000000000        0.0057660000
C       24.7256130000        0.0000000000        1.4324330000
C       27.2001700000        0.0000000000        1.4330380000
C       27.2001700000        0.0000000000        0.0051440000
C       29.6734120000        0.0000000000        0.0076040000
C       29.6734120000        0.0000000000        1.4305710000
C       32.1458320000        0.0000000000        1.4382090000
C       32.1458320000        0.0000000000        0.0000000000
C       16.0729530000        0.0000000000      -17.8140820000
C       14.8510710000        0.0000000000      -17.1208880000
C       14.8415610000        0.0000000000      -15.6907680000
C       16.0729640000        0.0000000000      -14.9783840000
C       16.0729640000        0.0000000000      -13.5468090000
C       17.3090060000        0.0000000000      -12.8384050000
C       17.3092550000        0.0000000000      -11.4113410000
C       16.0729800000        0.0000000000      -10.6993310000
C       16.0729800000        0.0000000000       -9.2702480000
C       14.8369480000        0.0000000000       -8.5581480000
C       14.8370730000        0.0000000000       -7.1310110000
C       16.0729820000        0.0000000000       -6.4180630000
C       16.0729820000        0.0000000000       -4.9896760000
C       17.3087510000        0.0000000000       -4.2764050000
C       17.3088010000        0.0000000000       -2.8493830000
C       16.0729840000        0.0000000000       -2.1359410000
C       16.0729530000        0.0000000000       19.2522170000
C       14.8510700000        0.0000000000       18.5590220000
C       14.8415600000        0.0000000000       17.1289020000
C       16.0729630000        0.0000000000       16.4165180000
C       16.0729630000        0.0000000000       14.9849430000
C       17.3090050000        0.0000000000       14.2765390000
C       17.3092540000        0.0000000000       12.8494750000
C       16.0729800000        0.0000000000       12.1374660000
C       16.0729800000        0.0000000000       10.7083830000
C       17.3090130000        0.0000000000        9.9962830000
C       17.3088880000        0.0000000000        8.5691460000
C       16.0729790000        0.0000000000        7.8561970000
C       16.0729790000        0.0000000000        6.4278100000
C       14.8372100000        0.0000000000        5.7145400000
C       14.8371600000        0.0000000000        4.2875180000
C       16.0729770000        0.0000000000        3.5740760000
C       25.9795360000        0.0000000000      -13.5220090000
C       24.7321840000        0.0000000000      -12.8409700000
C       24.7313400000        0.0000000000      -11.4185070000
C       25.9698450000        0.0000000000      -10.7031390000
C       25.9655990000        0.0000000000       -9.2721810000
C       24.7256980000        0.0000000000       -8.5592640000
C       24.7247030000        0.0000000000       -7.1332270000
C       25.9599630000        0.0000000000       -6.4167680000
C       25.9614820000        0.0000000000       -4.9901210000
C       24.7238440000        0.0000000000       -4.2755990000
C       24.7251380000        0.0000000000       -2.8491160000
C       25.9619770000        0.0000000000       -2.1339040000
C       25.9795230000        0.0000000000       14.9602940000
C       24.7321830000        0.0000000000       14.2792340000
C       24.7313640000        0.0000000000       12.8567700000
C       25.9698820000        0.0000000000       12.1414230000
C       25.9656620000        0.0000000000       10.7104650000
C       24.7257740000        0.0000000000        9.9975270000
C       24.7248030000        0.0000000000        8.5714910000
C       25.9600770000        0.0000000000        7.8550530000
C       25.9616200000        0.0000000000        6.4284070000
C       24.7239930000        0.0000000000        5.7138630000
C       24.7253130000        0.0000000000        4.2873800000
C       25.9621640000        0.0000000000        3.5721900000
C        6.1663940000        0.0000000000       14.9601500000
C        7.4137340000        0.0000000000       14.2790890000
C        7.4145540000        0.0000000000       12.8566260000
C        6.1760360000        0.0000000000       12.1412800000
C        6.1802570000        0.0000000000       10.7103220000
C        7.4201460000        0.0000000000        9.9973830000
C        7.4211160000        0.0000000000        8.5713460000
C        6.1858440000        0.0000000000        7.8549090000
C        6.1843000000        0.0000000000        6.4282620000
C        7.4219260000        0.0000000000        5.7137180000
C        7.4206070000        0.0000000000        4.2872350000
C        6.1837560000        0.0000000000        3.5720440000
C        6.1663950000        0.0000000000      -13.5220160000
C        7.4137340000        0.0000000000      -12.8409560000
C        7.4145540000        0.0000000000      -11.4184920000
C        6.1760350000        0.0000000000      -10.7031450000
C        6.1802560000        0.0000000000       -9.2721870000
C        7.4201440000        0.0000000000       -8.5592480000
C        7.4211150000        0.0000000000       -7.1332130000
C        6.1858410000        0.0000000000       -6.4167750000
C        6.1842970000        0.0000000000       -4.9901290000
C        7.4219240000        0.0000000000       -4.2755840000
C        7.4206050000        0.0000000000       -2.8491020000
C        6.1837540000        0.0000000000       -2.1339120000
C       33.3638700000        0.0000000000        6.4795210000
C       33.3614050000        0.0000000000        7.8504940000
C       30.8998880000        0.0000000000        7.8576250000
C       30.9096310000        0.0000000000        6.4298480000
C       28.4321200000        0.0000000000        6.4275020000
C       28.4275950000        0.0000000000        7.8521380000
C       23.4883550000        0.0000000000        7.8569940000
C       23.4892770000        0.0000000000        6.4282580000
C       21.0171580000        0.0000000000        6.4292080000
C       21.0171330000        0.0000000000        7.8560340000
C       18.5458800000        0.0000000000        7.8558320000
C       18.5457060000        0.0000000000        6.4285050000
C       13.6002610000        0.0000000000        6.4284910000
C       13.6000610000        0.0000000000        7.8558180000
C       11.1288450000        0.0000000000        7.8558610000
C       11.1288200000        0.0000000000        6.4290360000
C        8.6566250000        0.0000000000        6.4281240000
C        8.6575470000        0.0000000000        7.8568610000
C        3.7183290000        0.0000000000        7.8520240000
C        3.7137790000        0.0000000000        6.4273860000
C        1.2361170000        0.0000000000        6.4298510000
C        1.2459110000        0.0000000000        7.8576280000
C       -1.2156070000        0.0000000000        7.8505830000
C       -1.2181200000        0.0000000000        6.4796100000
C       33.3613870000        0.0000000000       -6.4122860000
C       33.3638520000        0.0000000000       -5.0413140000
C       30.9096290000        0.0000000000       -4.9916190000
C       30.8998600000        0.0000000000       -6.4193970000
C       28.4274770000        0.0000000000       -6.4138400000
C       28.4320030000        0.0000000000       -4.9892020000
C       22.2548550000        0.0000000000       -8.5605140000
C       22.2542820000        0.0000000000       -7.1323380000
C       19.7814980000        0.0000000000       -7.1311730000
C       19.7817230000        0.0000000000       -8.5599390000
C       17.3090140000        0.0000000000       -8.5581480000
C       17.3088890000        0.0000000000       -7.1310110000
C       12.3643980000        0.0000000000       -7.1310980000
C       12.3642230000        0.0000000000       -8.5598640000
C        9.8909880000        0.0000000000       -8.5604560000
C        9.8915360000        0.0000000000       -7.1322800000
C        3.7183270000        0.0000000000       -6.4138470000
C        3.7138010000        0.0000000000       -4.9892100000
C        1.2361380000        0.0000000000       -4.9916310000
C        1.2459070000        0.0000000000       -6.4194090000
C       -1.2156110000        0.0000000000       -6.4123200000
C       -1.2180990000        0.0000000000       -5.0413480000
C       22.2570560000        0.0000000000       12.8533150000
C       22.2551560000        0.0000000000       14.2863390000
C       19.7792860000        0.0000000000       14.2820150000
C       19.7818320000        0.0000000000       12.8517770000
C       12.3641130000        0.0000000000       12.8517480000
C       12.3666590000        0.0000000000       14.2819860000
C        9.8907690000        0.0000000000       14.2862210000
C        9.8889180000        0.0000000000       12.8531970000
C       19.7792870000        0.0000000000      -12.8438810000
C       19.7818330000        0.0000000000      -11.4136430000
C       22.2570330000        0.0000000000      -11.4150950000
C       22.2551570000        0.0000000000      -12.8481190000
C       14.8369340000        0.0000000000      -12.8383830000
C       14.8367100000        0.0000000000      -11.4113190000
C       12.3641250000        0.0000000000      -11.4136070000
C       12.3666710000        0.0000000000      -12.8438440000
C        9.8907820000        0.0000000000      -12.8480790000
C        9.8889310000        0.0000000000      -11.4150550000
C       14.8367060000        0.0000000000       12.8494760000
C       14.8369550000        0.0000000000       14.2765400000
C       11.1288270000        0.0000000000       -4.9909400000
C       12.3648310000        0.0000000000       -4.2771030000
C       12.3646570000        0.0000000000       -2.8488970000
C       11.1290600000        0.0000000000       -2.1353230000
C       11.1288400000        0.0000000000        2.1466070000
C       11.1290150000        0.0000000000        3.5734470000
C       12.3646110000        0.0000000000        4.2870210000
C       12.3647860000        0.0000000000        5.7152270000
C       19.7811300000        0.0000000000        5.7152320000
C       19.7813050000        0.0000000000        4.2870260000
C       18.5454390000        0.0000000000        3.5735560000
C       18.5454170000        0.0000000000        2.1465630000
C       21.0169940000        0.0000000000       -0.7084480000
C       21.0168190000        0.0000000000       -2.1352880000
C       22.2538390000        0.0000000000       -2.8494810000
C       22.2533160000        0.0000000000       -4.2762800000
C       21.0170710000        0.0000000000       -4.9908890000
C       21.0170210000        0.0000000000       -6.4177140000
C        3.7100860000        0.0000000000       -0.7078720000
C        3.7113070000        0.0000000000       -2.1352890000
C        2.4739630000        0.0000000000       -2.8526380000
C        2.4758090000        0.0000000000       -4.2743680000
C        2.4757660000        0.0000000000        5.7125520000
C        2.4738310000        0.0000000000        4.2908050000
C        3.7111620000        0.0000000000        3.5734340000
C        3.7100870000        0.0000000000        2.1460530000
C       28.4493120000        0.0000000000       12.1348020000
C       28.4369780000        0.0000000000       10.7129370000
C       29.6686070000        0.0000000000        9.9906050000
C       29.6673700000        0.0000000000        8.5679520000
C       29.6701120000        0.0000000000        5.7126600000
C       29.6719980000        0.0000000000        4.2909140000
C       30.9133650000        0.0000000000        3.5790830000
C       30.9136150000        0.0000000000        2.1488320000
C       30.9135180000        0.0000000000       -0.7105300000
C       30.9132690000        0.0000000000       -2.1407820000
C       29.6719010000        0.0000000000       -2.8526120000
C       29.6699940000        0.0000000000       -4.2743610000
C       29.6672520000        0.0000000000       -7.1296530000
C       29.6684930000        0.0000000000       -8.5522590000
C       30.9117740000        0.0000000000       -9.2590870000
C       30.8930990000        0.0000000000      -10.6875670000
C       19.7709420000        0.0000000000      -15.7069870000
C       21.0144760000        0.0000000000      -14.9885120000
C       18.5470600000        0.0000000000      -13.5531300000
C       18.5457380000        0.0000000000      -14.9853450000
C       11.1295490000        0.0000000000      -13.5630290000
C       11.1314890000        0.0000000000      -14.9884870000
C       13.6001880000        0.0000000000      -14.9853120000
C       12.3749840000        0.0000000000      -15.7069540000
C        2.4773080000        0.0000000000       -8.5522570000
C        1.2340270000        0.0000000000       -9.2590840000
C        3.6965800000        0.0000000000      -10.6964730000
C        2.4387830000        0.0000000000      -11.3752000000
B        1.2325830000        0.0000000000       -2.1408300000
B       -0.0009190000        0.0000000000       -2.8552620000
B       -1.2142020000        0.0000000000       -2.1145840000
B       -1.2134710000        0.0000000000       -0.7397180000
C        0.0228220000        0.0000000000        9.9857610000
C        1.2341150000        0.0000000000       10.6973030000
C        1.2528400000        0.0000000000       12.1257830000
C        2.4389220000        0.0000000000       12.8133860000
C       11.1314580000        0.0000000000       16.4266070000
C        9.8833720000        0.0000000000       17.1070010000
C       12.3749920000        0.0000000000       17.1450830000
C       12.4161200000        0.0000000000       18.5737170000
C       19.7709410000        0.0000000000       17.1451210000
C       19.7298130000        0.0000000000       18.5737560000
C       22.2625660000        0.0000000000       17.1070240000
C       21.0144750000        0.0000000000       16.4266460000
C       22.2543960000        0.0000000000        8.5705700000
C       22.2549700000        0.0000000000        9.9987460000
C       21.0183900000        0.0000000000       10.7127140000
C       21.0186100000        0.0000000000       12.1391040000
C       12.3643630000        0.0000000000        8.5692160000
C       12.3641630000        0.0000000000        9.9979820000
C       11.1275960000        0.0000000000       10.7125480000
C       11.1272720000        0.0000000000       12.1390900000
C        4.9498570000        0.0000000000        8.5682430000
C        4.9499570000        0.0000000000        9.9977840000
C        3.7089820000        0.0000000000       10.7127890000
C        3.6966480000        0.0000000000       12.1346550000
C        8.6566090000        0.0000000000       -2.1356380000
C        9.8920410000        0.0000000000       -2.8495170000
C        9.8925820000        0.0000000000       -4.2763310000
C        8.6567030000        0.0000000000       -4.9900100000
C       18.5457000000        0.0000000000       -4.9903570000
C       19.7810670000        0.0000000000       -4.2770520000
C       19.7812220000        0.0000000000       -2.8488610000
C       18.5453580000        0.0000000000       -2.1353920000
C       13.6005230000        0.0000000000       -2.1354270000
C       14.8371670000        0.0000000000       -2.8493830000
C       14.8372120000        0.0000000000       -4.2764050000
C       13.6002640000        0.0000000000       -4.9903560000
C       27.1962480000        0.0000000000       -4.2754510000
C       27.1990650000        0.0000000000       -2.8474570000
C       28.4345400000        0.0000000000       -2.1352760000
C       28.4357460000        0.0000000000       -0.7078720000
C       33.3600490000        0.0000000000       -2.1144910000
C       33.3593030000        0.0000000000       -0.7397180000
C       33.3593700000        0.0000000000        2.1778180000
C       33.3602610000        0.0000000000        3.5525810000
C       32.1337210000        0.0000000000        8.5808240000
C       32.1232460000        0.0000000000        9.9856020000
C       30.9118760000        0.0000000000       10.6974540000
C       30.8931760000        0.0000000000       12.1259320000
C       27.2053240000        0.0000000000       12.8524930000
C       27.1704940000        0.0000000000       14.2735540000
C       17.3043660000        0.0000000000       17.1289020000
C       17.2948340000        0.0000000000       18.5590220000
C       18.5470590000        0.0000000000       14.9912720000
C       18.5457500000        0.0000000000       16.4234650000
C       13.5988870000        0.0000000000       14.9912350000
C       13.6001960000        0.0000000000       16.4234400000
C       19.7815650000        0.0000000000        8.5692250000
C       19.7817390000        0.0000000000        9.9979910000
C       18.5468000000        0.0000000000       10.7098540000
C       18.5473450000        0.0000000000       12.1379150000
C       23.4899570000        0.0000000000        2.1458660000
C       23.4893080000        0.0000000000        3.5739170000
C       22.2539240000        0.0000000000        4.2877700000
C       22.2533900000        0.0000000000        5.7145770000
C       28.4357470000        0.0000000000        2.1460530000
C       28.4345260000        0.0000000000        3.5734700000
C       27.1991600000        0.0000000000        4.2857370000
C       27.1963660000        0.0000000000        5.7137510000
C       27.1960810000        0.0000000000        8.5683730000
C       27.1960020000        0.0000000000        9.9979500000
C       32.1468800000        0.0000000000        4.2934940000
C       32.1471690000        0.0000000000        5.7295680000
C       32.1471800000        0.0000000000       -4.2913610000
C       32.1467840000        0.0000000000       -2.8551930000
C       32.1230420000        0.0000000000       -8.5475020000
C       32.1336390000        0.0000000000       -7.1426860000
C       27.1959280000        0.0000000000       -8.5596440000
C       27.1959620000        0.0000000000       -7.1300810000
C       28.4492390000        0.0000000000      -10.6964810000
C       28.4368770000        0.0000000000       -9.2746140000
C       27.1704900000        0.0000000000      -12.8352430000
C       27.2052670000        0.0000000000      -11.4142000000
C       23.4893660000        0.0000000000      -10.7035900000
C       23.4901390000        0.0000000000       -9.2740530000
C       21.0186120000        0.0000000000      -10.7009690000
C       21.0182740000        0.0000000000       -9.2744820000
C       18.5473300000        0.0000000000      -10.6997810000
C       18.5467930000        0.0000000000       -9.2718630000
C       13.5986310000        0.0000000000      -10.6997380000
C       13.5991610000        0.0000000000       -9.2717200000
C       11.1273450000        0.0000000000      -10.7009380000
C       11.1276640000        0.0000000000       -9.2743960000
C        8.6566020000        0.0000000000      -10.7035540000
C        8.6557440000        0.0000000000       -9.2740530000
C        4.9499150000        0.0000000000       -8.5596720000
C        4.9498400000        0.0000000000       -7.1301300000
C        4.9495560000        0.0000000000       -4.2754590000
C        4.9467390000        0.0000000000       -2.8474660000
C        8.6931910000        0.0000000000      -14.9808050000
C        8.6592970000        0.0000000000      -13.5600460000
C       17.2948350000        0.0000000000      -17.1208870000
C       17.3043650000        0.0000000000      -15.6908000000
C       23.4527740000        0.0000000000      -14.9808520000
C       23.4866600000        0.0000000000      -13.5601020000
C       23.4882420000        0.0000000000       -6.4187520000
C       23.4891570000        0.0000000000       -4.9900270000
C       23.4891210000        0.0000000000       -2.1356740000
C       23.4898440000        0.0000000000       -0.7077490000
C       21.0169940000        0.0000000000        2.1466000000
C       21.0169010000        0.0000000000        3.5734530000
C       17.3087930000        0.0000000000        4.2875170000
C       17.3087490000        0.0000000000        5.7145400000
C       14.8370530000        0.0000000000        8.5691360000
C       14.8369250000        0.0000000000        9.9962730000
C       13.5991060000        0.0000000000       10.7098850000
C       13.5985940000        0.0000000000       12.1378480000
C        9.8915810000        0.0000000000        8.5703980000
C        9.8910070000        0.0000000000        9.9985740000
C        8.6557180000        0.0000000000       10.7121500000
C        8.6564910000        0.0000000000       12.1417240000
C        8.6592710000        0.0000000000       14.9982000000
C        8.6931500000        0.0000000000       16.4189470000
C        4.9406340000        0.0000000000       12.8523500000
C        4.9754630000        0.0000000000       14.2734110000
C       23.4902500000        0.0000000000       10.7122800000
C       23.4895010000        0.0000000000       12.1418540000
C       23.4866260000        0.0000000000       14.9983320000
C       23.4527220000        0.0000000000       16.4190770000
C       13.6004170000        0.0000000000        2.1465630000
C       13.6004760000        0.0000000000        3.5735510000
C        8.6558670000        0.0000000000        2.1458910000
C        8.6565900000        0.0000000000        3.5738160000
C        9.8919950000        0.0000000000        4.2876410000
C        9.8925040000        0.0000000000        5.7144450000
C        4.9465770000        0.0000000000        4.2857190000
C        4.9492730000        0.0000000000        5.7137140000
C        1.2323130000        0.0000000000        2.1487390000
C        1.2325630000        0.0000000000        3.5789910000
C       -0.0009520000        0.0000000000        4.2934020000
C       -0.0014030000        0.0000000000        5.7295670000
C        2.4785670000        0.0000000000        8.5678590000
C        2.4773710000        0.0000000000        9.9904330000
C       -1.2134710000        0.0000000000        2.1779270000
C       -1.2142220000        0.0000000000        3.5527030000
C        0.0227570000        0.0000000000       -8.5474990000
C        0.0121410000        0.0000000000       -7.1427220000
C        0.0121630000        0.0000000000        8.5809720000
C       11.1295240000        0.0000000000       15.0011580000
C       13.6046270000        0.0000000000       19.2570920000
C       18.5412780000        0.0000000000       19.2570930000
C       21.0163910000        0.0000000000       15.0011880000
C       29.7071070000        0.0000000000       12.8135320000
C       25.9630510000        0.0000000000        2.1466690000
C       25.9630520000        0.0000000000       -0.7084680000
C       18.5454170000        0.0000000000       -0.7084290000
C       16.0729130000        0.0000000000       -0.7079050000
C       13.6004150000        0.0000000000       -0.7084260000
C       16.0729130000        0.0000000000        2.1460400000
C       11.1288860000        0.0000000000       -0.7084830000
C        8.6558620000        0.0000000000       -0.7077140000
C        6.1827590000        0.0000000000       -0.7084280000
C        6.1827820000        0.0000000000        2.1466670000
B        1.2323090000        0.0000000000       -0.7105780000
C       -0.0014120000        0.0000000000       -4.2913740000
C        2.4785330000        0.0000000000       -7.1296280000
C        3.7089140000        0.0000000000       -9.2746090000
C        4.9754300000        0.0000000000      -12.8352710000
C        4.9405940000        0.0000000000      -11.4142150000
C        1.2527020000        0.0000000000      -10.6875630000
C        8.6575540000        0.0000000000       -6.4187200000
C       11.1288680000        0.0000000000       -6.4177640000
C       13.6000800000        0.0000000000       -6.4176970000
C       18.5457590000        0.0000000000       -6.4178770000
C       21.0164010000        0.0000000000      -13.5630560000
C       22.2625690000        0.0000000000      -15.6688920000
C       29.7070370000        0.0000000000      -11.3752060000
C       19.7298140000        0.0000000000      -17.1356220000
C       18.5412680000        0.0000000000      -17.8189760000
C       13.6046270000        0.0000000000      -17.8189580000
C       12.4161130000        0.0000000000      -17.1355890000
C        9.8833980000        0.0000000000      -15.6688690000
C       13.5988670000        0.0000000000      -13.5530950000
