  234
 
 C     0.000000     0.000000     0.000000
 C     0.000000     0.000000     1.409356
 C     2.456778     0.000000     1.428180
 C     2.469517     0.000000     0.008221
 C     4.946344     0.000000     0.037445
 C     4.927636     0.000000     1.462791
 C     7.398010     0.000000     1.504315
 C     7.420529     0.000000     0.080285
 C     9.890876     0.000000     0.122284
 C     9.867236     0.000000     1.547919
 C    12.336915     0.000000     1.589691
 C    12.360530     0.000000     0.164078
 C    14.829906     0.000000     0.205069
 C    14.806140     0.000000     1.630750
 C    17.275854     0.000000     1.672738
 C    17.299621     0.000000     0.246987
 C    19.768747     0.000000     0.290819
 C    19.746201     0.000000     1.714912
 C    22.220276     0.000000     1.758011
 C    22.238935     0.000000     0.332671
 C    24.709816     0.000000     0.367864
 C    24.697127     0.000000     1.787800
 C    27.166824     0.000000     1.796593
 C    27.166873     0.000000     0.387175
 C    12.162122     0.000000    12.982288
 C    13.391388     0.000000    12.308978
 C    13.418311     0.000000    10.872887
 C    12.194077     0.000000    10.144806
 C    12.216249     0.000000     8.715949
 C    13.463816     0.000000     8.028816
 C    13.487342     0.000000     6.601032
 C    12.264244     0.000000     5.867776
 C    12.288470     0.000000     4.441322
 C    13.535236     0.000000     3.749403
 C    15.005091     0.000000   -11.187203
 C    13.775560     0.000000   -10.514082
 C    13.748511     0.000000    -9.077910
 C    14.973000     0.000000    -8.349849
 C    14.950726     0.000000    -6.920835
 C    13.702898     0.000000    -6.233729
 C    13.679345     0.000000    -4.805828
 C    14.902676     0.000000    -4.072635
 C    14.878451     0.000000    -2.646261
 C    13.631525     0.000000    -1.954453
 C     3.828973     0.000000    -6.375375
 C     3.797270     0.000000    -4.974026
 C     6.270269     0.000000    -4.928959
 C     6.295980     0.000000    -6.352099
 C     8.766247     0.000000    -6.316183
 C     8.741094     0.000000    -4.890825
 C    11.209436     0.000000    -4.848775
 C    11.233813     0.000000    -6.276714
 C    16.175563     0.000000    -6.190540
 C    16.151117     0.000000    -4.762853
 C    18.621963     0.000000    -4.724340
 C    18.647719     0.000000    -6.152701
 C    21.117719     0.000000    -6.118513
 C    21.092228     0.000000    -4.688210
 C    23.562107     0.000000    -4.641476
 C    23.560513     0.000000    -6.068965
 C     3.605348     0.000000     6.437475
 C     3.607117     0.000000     7.864912
 C     6.049762     0.000000     7.914287
 C     6.075027     0.000000     6.483994
 C     8.545409     0.000000     6.519783
 C     8.519779     0.000000     7.948121
 C    10.991658     0.000000     7.985714
 C    11.016068     0.000000     6.558171
 C    15.956790     0.000000     6.643749
 C    15.932563     0.000000     8.071665
 C    18.400231     0.000000     8.111421
 C    18.425236     0.000000     6.686014
 C    20.896084     0.000000     6.724355
 C    20.870446     0.000000     8.147571
 C    23.337245     0.000000     8.170950
 C    23.368874     0.000000     6.769595
 C    19.932941     0.000000   -11.122264
 C    18.697539     0.000000   -10.444331
 C    18.688313     0.000000    -9.004007
 C    19.911665     0.000000    -8.282967
 C    19.818697     0.000000    -2.564575
 C    18.570510     0.000000    -1.871013
 C    18.474133     0.000000     3.832178
 C    19.698846     0.000000     4.566577
 C    17.130843     0.000000    10.237161
 C    18.369685     0.000000    10.968002
 C    15.856891     0.000000    12.373281
 C    17.119119     0.000000    13.114241
 C     6.014422     0.000001    12.213116
 C     7.235013     0.000001    12.917597
 C     7.255801     0.000000    10.078586
 C     8.479325     0.000000    10.799269
 C     6.129402     0.000000     3.622914
 C     7.348257     0.000000     4.359888
 C     4.992039     0.000000    -2.812025
 C     6.219883     0.000000    -2.077641
 C     8.796760     0.000000    -9.172709
 C    10.035722     0.000000    -8.442088
 C    10.047111     0.000001   -11.319131
 C    11.309592     0.000001   -10.578438
 C    22.108822     0.000000     8.883216
 C    22.074508     0.000000    10.289266
 C    20.848148     0.000000    10.997048
 C    20.817850     0.000000    12.405871
 C    19.597410     0.000000    13.110606
 C    19.580416     0.000000    14.534052
 C    18.378260     0.000000    15.213922
 C    17.157811     0.000000    14.514321
 C    18.354256     0.000000    12.393764
 C    19.605614     0.000000    10.268861
 C    19.630233     0.000000     8.842817
 C    17.156744     0.000000     8.808099
 C    15.892337     0.000000    10.930295
 C    14.628366     0.000000    13.021077
 C    14.666339     0.000000    10.193260
 C    14.688298     0.000000     8.762699
 C     9.744833     0.000000     8.676824
 C     9.726585     0.000000    10.107744
 C    10.948842     0.000000    10.834149
 C    10.931254     0.000000    12.274524
 C     9.696538     0.000000    12.947920
 C     8.470137     0.000000    12.239575
 C     4.773367     0.000001    12.910361
 C     3.583331     0.000001    12.209320
 C     3.578813     0.000000    10.802464
 C     4.771884     0.000000    10.068740
 C     4.782417     0.000000     8.605122
 C     7.269338     0.000000     8.640282
 C     6.013359     0.000000    10.777974
 C     7.324858     0.000000     5.787529
 C     4.862530     0.000000     5.742729
 C     2.407723     0.000000     5.709308
 C     9.793959     0.000000     5.826696
 C    14.733234     0.000000     5.909666
 C    17.201131     0.000000     5.950986
 C    19.669847     0.000000     5.990431
 C    22.138751     0.000000     6.028093
 C    24.604033     0.000000     6.054204
 C    24.657231     0.000000     4.666295
 C    22.174272     0.000000     4.607415
 C    17.227601     0.000000     4.524850
 C    14.757850     0.000000     4.483182
 C     9.817920     0.000000     4.399767
 C     4.880904     0.000000     4.318272
 C     2.405096     0.000000     4.289260
 C     1.204714     0.000000     3.556314
 C     1.204817     0.000000     2.140260
 C     3.679383     0.000000     2.162618
 C     3.661292     0.000000     3.584456
 C     6.149512     0.000000     2.197081
 C     8.619958     0.000000     2.240151
 C     8.596512     0.000000     3.666098
 C    11.065683     0.000000     3.708011
 C    11.089712     0.000000     2.281909
 C    13.559683     0.000000     2.323184
 C    16.029097     0.000000     2.364879
 C    16.004354     0.000000     3.790583
 C    18.498614     0.000000     2.407446
 C    20.970547     0.000000     2.449992
 C    20.946683     0.000000     3.873095
 C    23.425419     0.000000     3.914008
 C    23.444713     0.000000     2.495225
 C    25.924058     0.000000     2.514188
 C    25.929974     0.000000     3.943572
 C    27.161345     0.000000     4.610958
 C    28.378089     0.000000     3.904814
 C    28.390558     0.000000     2.524063
 C    25.962059     0.000000    -0.343885
 C    25.962207     0.000000    -1.759994
 C    23.505432     0.000000    -1.788510
 C    23.487298     0.000000    -0.366761
 C    21.017210     0.000000    -0.401814
 C    21.037341     0.000000    -1.827500
 C    18.546951     0.000000    -0.445131
 C    16.101437     0.000000    -1.912897
 C    16.077472     0.000000    -0.487136
 C    13.607278     0.000000    -0.528242
 C    11.162125     0.000000    -1.995401
 C    11.137564     0.000000    -0.569956
 C     8.667993     0.000000    -0.612155
 C     8.692318     0.000000    -2.036781
 C     6.196157     0.000000    -0.654643
 C     3.740748     0.000000    -2.118651
 C     3.721761     0.000000    -0.699475
 C     1.242480     0.000000    -0.717977
 C     1.236077     0.000000    -2.147657
 C    -1.212202     0.000000    -2.107843
 C    -1.224049     0.000000    -0.726792
 C     0.004372     0.000000    -2.814454
 C     2.508702     0.000000    -2.870681
 C     2.561985     0.000000    -4.258604
 C     5.027553     0.000000    -4.232668
 C     7.496523     0.000000    -4.195201
 C     7.467661     0.000000    -2.771228
 C     9.938723     0.000000    -2.729547
 C     9.964942     0.000000    -4.155744
 C    12.433223     0.000000    -4.114522
 C    12.408658     0.000000    -2.688006
 C    17.349163     0.000000    -2.604665
 C    17.373235     0.000000    -4.031373
 C    19.842317     0.000000    -3.991991
 C    22.304730     0.000000    -3.946976
 C    22.286030     0.000000    -2.522482
 C    24.761833     0.000000    -2.493028
 C    24.759606     0.000000    -3.913117
 C    22.385214     0.000000    -6.809287
 C    22.395637     0.000000    -8.273030
 C    19.898252     0.000000    -6.844714
 C    17.440884     0.000000    -8.312432
 C    17.422601     0.000000    -6.881448
 C    12.478258     0.000000    -6.967619
 C    12.500336     0.000000    -8.398259
 C    10.009687     0.000000    -7.013028
 C     7.560836     0.000000    -8.473456
 C     7.536225     0.000000    -7.047444
 C     5.057484     0.000000    -7.087633
 C     5.091744     0.000000    -8.493733
 C     6.318122     0.000000    -9.201619
 C     6.348372     0.000001   -10.610521
 C     8.812164     0.000001   -10.598514
 C    11.274287     0.000000    -9.135234
 C    16.236225     0.000000   -10.479441
 C    16.218526     0.000000    -9.039023
 C    21.154151     0.000000    -8.982406
 C    21.153383     0.000000   -10.417522
 C    23.584679     0.000000   -10.413393
 C    23.588906     0.000000    -9.006473
 C    22.394689     0.000000   -11.114472
 C    17.471265     0.000000   -11.152527
 C    12.538393     0.000000   -11.226117
 C    10.008272     0.000001   -12.719244
 C     7.568905     0.000001   -11.315385
 C     7.585825     0.000001   -12.738876
 C     8.787806     0.000001   -13.419118
