  384
 
 C     0.000000     0.000000     0.000000
 C     0.000000     0.000000     1.364084
 C     2.472767     0.000000     1.389591
 C     2.472792     0.000000    -0.025336
 C     4.942601     0.000000    -0.029345
 C     4.942576     0.000000     1.393628
 C     7.412069     0.000000     1.394361
 C     7.412044     0.000000    -0.030182
 C     9.881200     0.000000    -0.030656
 C     9.881250     0.000000     1.394775
 C    12.351084     0.000000     1.394904
 C    12.351059     0.000000    -0.030904
 C    14.820791     0.000000    -0.030904
 C    14.820841     0.000000     1.394705
 C    17.290467     0.000000     1.394748
 C    17.290417     0.000000    -0.031199
 C    19.760223     0.000000    -0.031371
 C    19.760273     0.000000     1.394575
 C    22.229907     0.000000     1.394230
 C    22.229832     0.000000    -0.031377
 C    24.699576     0.000000    -0.031679
 C    24.699651     0.000000     1.394127
 C    27.169493     0.000000     1.393739
 C    27.169443     0.000000    -0.031692
 C    29.638574     0.000000    -0.031347
 C    29.638673     0.000000     1.393196
 C    32.108149     0.000000     1.392377
 C    32.108050     0.000000    -0.030595
 C    34.577869     0.000000    -0.026629
 C    34.577943     0.000000     1.388298
 C    37.050711     0.000000     1.362748
 C    37.050663     0.000000    -0.001337
 C    17.285491     0.000000   -15.709689
 C    18.524322     0.000000   -15.022315
 C    18.524448     0.000000   -13.582264
 C    17.289848     0.000000   -12.872768
 C    17.289798     0.000000   -11.441156
 C    18.524679     0.000000   -10.729433
 C    18.524804     0.000000    -9.301091
 C    17.290476     0.000000    -8.588394
 C    17.290027     0.000000    -7.161132
 C    18.525029     0.000000    -6.448592
 C    18.525153     0.000000    -5.022302
 C    17.290440     0.000000    -4.309210
 C    17.290365     0.000000    -2.882852
 C    18.525401     0.000000    -2.170005
 C    17.287457     0.000000    17.073364
 C    18.526192     0.000000    16.385761
 C    18.526091     0.000000    14.945697
 C    17.291420     0.000000    14.236360
 C    17.291120     0.000000    12.804796
 C    18.525882     0.000000    12.092940
 C    18.525782     0.000000    10.664608
 C    17.291369     0.000000     9.952063
 C    17.290721     0.000000     8.524770
 C    18.525621     0.000000     7.812030
 C    18.525546     0.000000     6.385715
 C    17.290748     0.000000     5.672804
 C    17.290499     0.000000     4.246448
 C    18.525419     0.000000     3.533381
 C    24.717736     0.000000   -15.703558
 C    25.927471     0.000000   -15.014740
 C    25.938029     0.000000   -13.574435
 C    24.696606     0.000000   -12.867086
 C    24.699825     0.000000   -11.437450
 C    25.932192     0.000000   -10.726029
 C    25.936078     0.000000    -9.298966
 C    24.698319     0.000000    -8.586993
 C    24.700435     0.000000    -7.160648
 C    25.935030     0.000000    -6.448399
 C    25.936125     0.000000    -5.023045
 C    24.699817     0.000000    -4.309809
 C    24.700190     0.000000    -2.883993
 C    25.934893     0.000000    -2.170935
 C    24.719639     0.000000    17.066460
 C    25.929336     0.000000    16.377497
 C    25.939693     0.000000    14.937179
 C    24.698189     0.000000    14.229927
 C    24.701183     0.000000    12.800285
 C    25.933510     0.000000    12.088744
 C    25.937196     0.000000    10.661626
 C    24.699312     0.000000     9.949753
 C    24.701254     0.000000     8.523331
 C    25.935840     0.000000     7.810944
 C    25.936736     0.000000     6.385502
 C    24.700323     0.000000     5.672349
 C    24.700597     0.000000     4.246510
 C    25.935234     0.000000     3.533290
 C     9.854294     0.000000    17.066748
 C    11.123081     0.000000    16.378197
 C    11.112547     0.000000    14.937882
 C     9.887143     0.000000    14.230480
 C     9.878813     0.000000    12.801699
 C    11.118416     0.000000    12.089443
 C    11.114556     0.000000    10.662335
 C     9.880889     0.000000     9.951369
 C     9.878076     0.000000     8.525056
 C    11.115634     0.000000     7.811646
 C    11.114589     0.000000     6.386236
 C     9.880187     0.000000     5.673611
 C     9.880088     0.000000     4.248280
 C    11.115845     0.000000     3.534068
 C     9.852236     0.000000   -15.702034
 C    11.121149     0.000000   -15.013702
 C    11.110817     0.000000   -13.573393
 C     9.885518     0.000000   -12.865824
 C     9.877388     0.000000   -11.437054
 C    11.117036     0.000000   -10.724944
 C    11.113325     0.000000    -9.297868
 C     9.879780     0.000000    -8.586771
 C     9.877092     0.000000    -7.160517
 C    11.114664     0.000000    -6.447271
 C    11.113743     0.000000    -5.021884
 C     9.879423     0.000000    -4.309163
 C     9.879423     0.000000    -2.883856
 C    11.115249     0.000000    -2.169719
 C    33.339794     0.000000    -6.442014
 C    33.359110     0.000000    -5.030409
 C    30.880897     0.000000    -5.027036
 C    30.877840     0.000000    -6.450930
 C    28.406254     0.000000    -6.449866
 C    28.407348     0.000000    -5.024641
 C    23.465315     0.000000    -5.022175
 C    23.464270     0.000000    -6.448395
 C    20.994225     0.000000    -6.448635
 C    20.994897     0.000000    -5.022107
 C    16.055402     0.000000    -5.021656
 C    16.055830     0.000000    -6.448223
 C    13.585711     0.000000    -6.447620
 C    13.584864     0.000000    -5.021379
 C     8.642482     0.000000    -5.023282
 C     8.643439     0.000000    -6.448497
 C     6.171989     0.000000    -6.449489
 C     6.169056     0.000000    -5.025612
 C     3.690825     0.000000    -5.028856
 C     3.710018     0.000000    -6.440448
 C    33.359854     0.000000     6.392311
 C    33.340635     0.000000     7.803937
 C    30.878656     0.000000     7.813046
 C    30.881589     0.000000     6.389130
 C    28.408115     0.000000     6.386925
 C    28.407220     0.000000     7.812230
 C    23.464990     0.000000     7.811184
 C    23.465911     0.000000     6.384920
 C    20.995287     0.000000     6.385155
 C    20.994789     0.000000     7.811718
 C    16.056453     0.000000     7.811993
 C    16.055814     0.000000     6.385449
 C    13.585340     0.000000     6.385449
 C    13.586361     0.000000     7.811692
 C     8.644266     0.000000     7.813175
 C     8.643230     0.000000     6.387884
 C     6.169614     0.000000     6.390518
 C     6.172696     0.000000     7.814453
 C     3.710759     0.000000     7.805516
 C     3.691393     0.000000     6.393876
 C    29.651625     0.000000    12.808510
 C    29.619071     0.000000    14.237535
 C    27.165029     0.000000    14.229645
 C    27.173196     0.000000    12.800875
 C    22.230795     0.000000    12.802915
 C    22.229721     0.000000    14.233820
 C    19.760683     0.000000    14.236234
 C    19.760740     0.000000    12.804651
 C    14.821131     0.000000    12.803244
 C    14.822404     0.000000    14.234136
 C    12.353981     0.000000    14.230528
 C    12.350837     0.000000    12.800893
 C     7.400413     0.000000    12.809528
 C     7.433116     0.000000    14.238553
 C    29.617436     0.000000   -12.875079
 C    29.650065     0.000000   -11.446065
 C    27.171745     0.000000   -11.438285
 C    27.163409     0.000000   -12.867019
 C    22.228163     0.000000   -12.870748
 C    22.229487     0.000000   -11.439827
 C    19.759452     0.000000   -11.441324
 C    19.759136     0.000000   -12.872918
 C    14.820814     0.000000   -12.870226
 C    14.819740     0.000000   -11.439291
 C    12.349320     0.000000   -11.436518
 C    12.352339     0.000000   -12.866163
 C     7.431475     0.000000   -12.873619
 C     7.399021     0.000000   -11.444602
 C     1.230652     0.000000    -0.754590
 C     1.238889     0.000000    -2.146654
 C    35.811635     0.000000    -2.147985
 C    35.819977     0.000000    -0.755894
 C    32.125908     0.000000     8.533089
 C    32.101948     0.000000     9.949655
 C    35.811986     0.000000     3.509533
 C    35.820132     0.000000     2.117465
 C    30.887781     0.000000    -9.310119
 C    30.859274     0.000000   -10.731482
 C     6.189903     0.000000   -10.729902
 C     6.161569     0.000000    -9.308547
 C     1.230623     0.000000     2.118790
 C     1.238860     0.000000     3.510875
 C     6.162621     0.000000    10.673539
 C     6.191207     0.000000    12.094919
 C    34.575861     0.000000    -4.295144
 C    34.590275     0.000000    -2.890671
 C    32.113495     0.000000    -2.887717
 C    32.112426     0.000000    -4.310499
 C    29.641266     0.000000    -4.311075
 C    29.641092     0.000000    -2.886703
 C    27.170626     0.000000    -2.885163
 C    27.170486     0.000000    -4.310443
 C    22.229734     0.000000    -4.309317
 C    22.230207     0.000000    -2.883516
 C    19.760297     0.000000    -2.883116
 C    19.759990     0.000000    -4.309455
 C    14.820684     0.000000    -4.308619
 C    14.820411     0.000000    -2.882811
 C    12.349906     0.000000    -2.882893
 C    12.350441     0.000000    -4.308834
 C     7.408752     0.000000    -4.309729
 C     7.409075     0.000000    -2.885350
 C     4.936696     0.000000    -2.886189
 C     4.937618     0.000000    -4.308955
 C     2.474135     0.000000    -4.293517
 C     2.459838     0.000000    -2.889057
 C    33.344737     0.000000     2.109866
 C    33.345382     0.000000     3.530535
 C    30.875283     0.000000     3.533122
 C    30.874149     0.000000     2.109232
 C    28.404392     0.000000     2.108195
 C    28.404864     0.000000     3.533567
 C    23.465374     0.000000     3.533383
 C    23.465095     0.000000     2.107481
 C    20.994999     0.000000     2.107358
 C    20.995024     0.000000     3.533375
 C    16.055864     0.000000     3.533717
 C    16.055813     0.000000     2.107691
 C    13.585702     0.000000     2.108097
 C    13.585675     0.000000     3.533939
 C     8.646081     0.000000     3.534792
 C     8.646394     0.000000     2.109299
 C     6.176606     0.000000     2.110448
 C     6.175587     0.000000     3.534304
 C     3.705441     0.000000     3.531841
 C     3.706023     0.000000     2.111174
 C    11.115962     0.000000     2.108709
 C    18.525369     0.000000     2.107662
 C    25.934839     0.000000     2.107802
 C    33.344585     0.000000    -0.748110
 C    33.345028     0.000000    -2.168818
 C    30.874949     0.000000    -2.171231
 C    30.874007     0.000000    -0.747416
 C    28.404271     0.000000    -0.746271
 C    28.404619     0.000000    -2.171530
 C    23.465087     0.000000    -2.170759
 C    23.464943     0.000000    -0.744813
 C    20.994879     0.000000    -0.744315
 C    20.994967     0.000000    -2.170451
 C    16.055809     0.000000    -2.169937
 C    16.055686     0.000000    -0.743984
 C    13.585614     0.000000    -0.744178
 C    13.585646     0.000000    -2.169823
 C     8.645600     0.000000    -2.170291
 C     8.646316     0.000000    -0.745146
 C     6.176597     0.000000    -0.746201
 C     6.175295     0.000000    -2.169779
 C     3.705236     0.000000    -2.167194
 C     3.706047     0.000000    -0.746834
 C    11.115879     0.000000    -0.744623
 C    18.525526     0.000000    -0.744291
 C    25.934681     0.000000    -0.745540
 C    34.590757     0.000000     4.252338
 C    34.576505     0.000000     5.656874
 C    32.113043     0.000000     5.672435
 C    32.113945     0.000000     4.249600
 C    29.641440     0.000000     4.248691
 C    29.641829     0.000000     5.673144
 C    27.171109     0.000000     5.672779
 C    27.171072     0.000000     4.247434
 C    22.230401     0.000000     4.246305
 C    22.230022     0.000000     5.672137
 C    19.760273     0.000000     5.672644
 C    19.760412     0.000000     4.246290
 C    14.820560     0.000000     4.246806
 C    14.821009     0.000000     5.672592
 C    12.350874     0.000000     5.673007
 C    12.350471     0.000000     4.247121
 C     7.409479     0.000000     4.249825
 C     7.409205     0.000000     5.674271
 C     4.937960     0.000000     5.674130
 C     4.936962     0.000000     4.250838
 C     2.460145     0.000000     4.253696
 C     2.474723     0.000000     5.658438
 C     4.925570     0.000000     8.534569
 C     4.949729     0.000000     9.951031
 C     7.409386     0.000000     9.953715
 C     7.404434     0.000000     8.528886
 C    12.350195     0.000000     8.523926
 C    12.352286     0.000000     9.950322
 C    14.822290     0.000000     9.951072
 C    14.820862     0.000000     8.524356
 C    19.760592     0.000000     8.524639
 C    19.760106     0.000000     9.951914
 C    22.229200     0.000000     9.950621
 C    22.230471     0.000000     8.523949
 C    27.173473     0.000000     8.524226
 C    27.170796     0.000000     9.950526
 C    29.642237     0.000000     9.952488
 C    29.647036     0.000000     8.527663
 C    30.889124     0.000000    10.672234
 C    30.860751     0.000000    12.093805
 C    28.403785     0.000000    12.090970
 C    28.410575     0.000000    10.664793
 C    23.465559     0.000000    10.662018
 C    23.463332     0.000000    12.090048
 C    20.994126     0.000000    12.092124
 C    20.995070     0.000000    10.663686
 C    16.056503     0.000000    10.663979
 C    16.057655     0.000000    12.092397
 C    13.588522     0.000000    12.090494
 C    13.586054     0.000000    10.662611
 C     8.641146     0.000000    10.665900
 C     8.648138     0.000000    12.091881
 C     8.634607     0.000000    14.941689
 C     8.672921     0.000000    16.384765
 C    13.586627     0.000000    16.380647
 C    13.584080     0.000000    14.941266
 C    16.055124     0.000000    14.944651
 C    16.055287     0.000000    16.384248
 C    20.997102     0.000000    16.384036
 C    20.997063     0.000000    14.944402
 C    23.468122     0.000000    14.940855
 C    23.465706     0.000000    16.380218
 C    28.379506     0.000000    16.383826
 C    28.417653     0.000000    14.940769
 C    32.100694     0.000000    -8.587680
 C    32.124961     0.000000    -7.171014
 C    29.646172     0.000000    -7.165420
 C    29.641273     0.000000    -8.590206
 C    27.169688     0.000000    -8.588004
 C    27.172526     0.000000    -7.161774
 C    22.229805     0.000000    -7.161020
 C    22.228336     0.000000    -8.587656
 C    19.759247     0.000000    -8.588586
 C    19.759911     0.000000    -7.161350
 C    14.820128     0.000000    -7.160421
 C    14.821373     0.000000    -8.587068
 C    12.351167     0.000000    -8.586019
 C    12.349420     0.000000    -7.159701
 C     7.403575     0.000000    -7.164075
 C     7.408374     0.000000    -8.588857
 C     4.948728     0.000000    -8.586029
 C     4.924757     0.000000    -7.169521
 C    28.402357     0.000000   -10.728427
 C    28.409558     0.000000    -9.302398
 C    23.464579     0.000000    -9.299187
 C    23.462108     0.000000   -10.727082
 C    20.992942     0.000000   -10.728911
 C    20.994107     0.000000    -9.300527
 C    16.055492     0.000000    -9.300148
 C    16.056401     0.000000   -10.728595
 C    13.587227     0.000000   -10.726366
 C    13.584971     0.000000    -9.298389
 C     8.640007     0.000000    -9.301145
 C     8.646853     0.000000   -10.727096
 C    28.377649     0.000000   -15.021326
 C    28.415952     0.000000   -13.578211
 C    23.466498     0.000000   -13.577856
 C    23.463910     0.000000   -15.017205
 C    20.995236     0.000000   -15.020868
 C    20.995444     0.000000   -13.581216
 C    16.053444     0.000000   -13.580921
 C    16.053388     0.000000   -15.020525
 C    13.584712     0.000000   -15.016497
 C    13.582348     0.000000   -13.577139
 C     8.632863     0.000000   -13.576891
 C     8.670961     0.000000   -15.019915
 C    27.196278     0.000000   -15.703245
 C    27.198205     0.000000    17.065920
 C    22.242299     0.000000    17.070046
 C    22.240359     0.000000   -15.706945
 C    19.763064     0.000000   -15.709838
 C    19.765002     0.000000    17.073236
 C    14.810177     0.000000    17.070395
 C    14.808171     0.000000   -15.706448
 C    12.330768     0.000000   -15.702636
 C    12.332849     0.000000    17.067096
