  366
 
 C     0.000000     0.000000     0.000000
 C     0.000000     0.000000     1.380076
 C     2.440845     0.000000     1.404444
 C     2.440870    -0.006011    -0.024674
 C     4.913520    -0.045356    -0.026796
 C     4.913647    -0.028247     1.406442
 C     7.383973    -0.098626     1.403484
 C     7.383530    -0.125956    -0.022814
 C     9.849138    -0.253495    -0.021181
 C     9.850051    -0.216617     1.404939
 C    12.316405    -0.383636     1.408758
 C    12.314850    -0.430014    -0.019041
 C    14.776470    -0.655513    -0.012843
 C    14.778832    -0.600103     1.412014
 C    17.234401    -0.866232     1.418551
 C    17.231086    -0.930417    -0.005927
 C    19.681550    -1.255395     0.001977
 C    19.686029    -1.182178     1.428617
 C    22.130844    -1.547683     1.438878
 C    22.125006    -1.629745     0.014694
 C    24.557304    -2.053043     0.029244
 C    24.564663    -1.962116     1.452849
 C    26.992226    -2.424703     1.473217
 C    26.983019    -2.525551     0.043480
 C    29.401503    -3.041202     0.066268
 C    29.412777    -2.930741     1.491099
 C    31.794296    -3.466058     1.489014
 C    31.782249    -3.577782     0.113493
 C    16.150535    -0.109375   -17.790284
 C    17.333296    -0.356808   -17.099211
 C    17.334081    -0.500254   -15.698118
 C    16.104421    -0.383722   -14.985613
 C    16.084081    -0.501429   -13.554103
 C    17.295512    -0.732290   -12.839394
 C    17.280388    -0.823946   -11.418030
 C    16.050336    -0.688796   -10.708823
 C    16.036726    -0.758586    -9.280042
 C    17.254361    -0.955712    -8.564051
 C    17.245188    -0.995417    -7.139067
 C    16.016777    -0.845483    -6.430023
 C    16.010216    -0.862816    -5.001401
 C    17.232952    -1.021403    -4.284651
 C    17.230261    -1.008320    -2.858863
 C    16.003739    -0.845074    -2.149925
 C    16.176168     1.453053    19.073656
 C    17.370362     1.235005    18.392425
 C    17.374508     0.972904    17.008600
 C    16.135837     0.937933    16.303062
 C    16.116907     0.698383    14.886832
 C    17.337509     0.485993    14.182037
 C    17.321591     0.267629    12.774556
 C    16.082771     0.270084    12.067792
 C    16.067595     0.079755    10.650062
 C    17.290458    -0.121123     9.944135
 C    17.277400    -0.288875     8.528526
 C    16.041681    -0.246998     7.817574
 C    16.031039    -0.384225     6.395491
 C    17.255021    -0.571936     5.688079
 C    17.246425    -0.687017     4.266904
 C    16.014801    -0.605680     3.552616
 C    24.575583    -2.184907   -11.391568
 C    25.788534    -2.487582   -10.665910
 C    25.777096    -2.512563    -9.244093
 C    24.558579    -2.256258    -8.533105
 C    24.553689    -2.265868    -7.107949
 C    25.766467    -2.518351    -6.386075
 C    25.763280    -2.494293    -4.959986
 C    24.548716    -2.230756    -4.251488
 C    24.549282    -2.187999    -2.825867
 C    25.765901    -2.398198    -2.103253
 C    24.684844    -0.655885    12.799431
 C    25.906771    -0.977469    12.097466
 C    25.883088    -1.187092    10.691119
 C    24.647114    -1.080939     9.971971
 C    24.630414    -1.268544     8.559229
 C    25.845399    -1.566188     7.858502
 C    25.827273    -1.730868     6.441822
 C    24.598932    -1.594143     5.721254
 C    24.585438    -1.732213     4.301716
 C    25.798252    -2.015154     3.597726
 C     7.441977     0.700506    12.797472
 C     6.185736     0.609514    12.088230
 C     6.178528     0.469968    10.673017
 C     7.417080     0.399236     9.954029
 C     7.406767     0.274381     8.534329
 C     6.161591     0.233599     7.824733
 C     6.156951     0.141643     6.401390
 C     7.393218     0.076523     5.684451
 C     7.388986     0.002230     4.260103
 C     6.149259     0.004221     3.546260
 C     7.445128     0.207550   -11.440891
 C     6.189294     0.223814   -10.725562
 C     6.179982     0.137206    -9.306166
 C     7.415999     0.031647    -8.586972
 C     7.404607    -0.033371    -7.163242
 C     6.160579     0.003481    -6.451269
 C     6.155493    -0.040712    -5.025610
 C     7.390657    -0.116577    -4.307679
 C     7.386807    -0.134829    -2.881465
 C     6.148081    -0.085205    -2.167483
 C    30.589518    -3.636451    -6.367000
 C    30.584181    -3.588007    -4.917583
 C    28.174251    -3.021650    -4.946602
 C    28.176562    -3.056215    -6.371586
 C    23.340500    -2.023007    -6.401257
 C    23.336841    -2.011008    -4.970794
 C    20.901751    -1.576454    -4.984597
 C    20.905986    -1.577471    -6.410400
 C    18.466693    -1.185368    -6.420235
 C    18.460851    -1.193784    -4.994543
 C    13.553210    -0.582865    -5.009693
 C    13.560160    -0.557715    -6.435214
 C    11.100942    -0.321614    -6.440840
 C    11.093301    -0.353699    -5.015330
 C     8.626120    -0.174100    -5.018135
 C     8.632895    -0.135374    -6.448199
 C     3.692837     0.099111    -6.457065
 C     3.689033     0.050021    -5.032503
 C     1.213762     0.103938    -5.026057
 C     1.211822     0.161395    -6.475062
 C    30.678727    -2.680912     6.477274
 C    30.706670    -2.503747     7.916334
 C    28.273505    -2.016138     7.879651
 C    28.253082    -2.185084     6.464426
 C    23.387544    -1.319892     6.422421
 C    23.402840    -1.159955     7.843940
 C    20.953672    -0.803686     7.829384
 C    20.940736    -0.956583     6.411811
 C    18.490108    -0.644780     6.402742
 C    18.502122    -0.499335     7.820987
 C    13.576392    -0.047792     7.814022
 C    13.567080    -0.175066     6.394031
 C    11.101594    -0.018882     6.393863
 C    11.110295     0.097957     7.814868
 C     8.637223     0.190792     7.820749
 C     8.630338     0.085527     6.394101
 C     3.689011     0.152576     6.409719
 C     3.692204     0.233059     7.832848
 C     1.210878     0.193593     7.854141
 C     1.213398     0.125834     6.405506
 C    14.859144     0.462258    12.774893
 C    13.613093     0.440652    12.066026
 C    13.643730     0.855779    14.895051
 C    12.400545     0.799663    14.192325
 C    12.424508     1.243295    16.971863
 C    11.221747     1.171537    16.296596
 C    12.419227     0.145194   -15.658356
 C    11.221148     0.210811   -14.974355
 C    13.627347    -0.177216   -13.563973
 C    12.389696    -0.096627   -12.853911
 C    14.833759    -0.484117   -11.424530
 C    13.594198    -0.379098   -10.711660
 C    22.180333    -1.604521   -12.819493
 C    20.963101    -1.314107   -13.543018
 C    20.932533    -1.472892   -10.688899
 C    19.725309    -1.222909   -11.404204
 C    22.269138    -0.063214    14.187151
 C    21.039988     0.219700    14.893254
 C    21.001159    -0.239610    12.071787
 C    19.785817     0.013739    12.772058
 C    19.699799    -1.336115    -8.557478
 C    18.485597    -1.114927    -9.274749
 C    19.750713    -0.388093     9.951533
 C    18.530986    -0.155207    10.655587
 C    11.131766     0.384510    10.655464
 C    11.146245     0.554693    12.070159
 C     8.655551     0.451297    10.657616
 C     8.667040     0.608994    12.082682
 C    11.137911    -0.124012   -10.716246
 C    11.122246    -0.206419    -9.293680
 C     8.666135     0.076151   -10.725469
 C     8.652751    -0.010709    -9.294317
 C    12.330851    -0.145159     5.682736
 C    12.324357    -0.241657     4.257261
 C    11.089633    -0.200961     3.544667
 C    11.085972    -0.267022     2.120062
 C    11.083656    -0.350385    -0.734039
 C    11.085023    -0.367881    -2.160096
 C    12.317045    -0.473342    -2.870751
 C    12.321040    -0.470050    -4.299538
 C    19.710522    -0.862641     5.697206
 C    19.700419    -0.986144     4.273825
 C    20.919174    -1.211334     3.568247
 C    20.911475    -1.313516     2.145846
 C    20.901277    -1.468763    -0.705101
 C    20.899227    -1.521403    -2.130239
 C    22.119751    -1.744955    -2.838596
 C    22.120704    -1.777701    -4.264467
 C     3.681732    -0.021112    -0.742955
 C     3.682860    -0.011923    -2.168320
 C     2.443058     0.023213    -2.887950
 C     2.444281     0.059401    -4.316611
 C     2.444107     0.111435     5.695495
 C     2.443184     0.060005     4.267274
 C     3.683151     0.037627     3.547409
 C     3.681988     0.002402     2.122455
 C    29.462423    -2.511340     5.762472
 C    29.442554    -2.665872     4.341843
 C    28.219095    -2.486137     3.615864
 C    28.205555    -2.613052     2.196495
 C    28.185117    -2.824238    -0.661175
 C    28.179212    -2.905095    -2.084254
 C    29.387685    -3.212941    -2.792081
 C    29.386154    -3.276513    -4.219987
 C    30.592071    -3.696590    -9.183253
 C    31.757434    -3.979331    -8.476380
 C    31.917217    -2.473771    10.029313
 C    30.749355    -2.139925    10.709197
 C    21.033143     0.471134    16.284299
 C    19.855459     0.722723    16.960620
 C     8.683713     0.966065    14.876019
 C     7.483379     0.879621    14.200125
 C     1.221023     0.356772    10.666265
 C     0.015666     0.279026     9.974345
 C     0.005087     0.080408     5.674369
 C     0.002836     0.036601     4.293988
 C     0.007785     0.219786    -7.203516
 C     0.017520     0.281531    -8.594065
 C     3.756328     0.320954   -10.726059
 C     4.956163     0.319078   -11.409976
 C     7.489483     0.315095   -12.850718
 C     8.688377     0.285845   -13.533788
 C    19.789773    -0.931461   -15.642235
 C    20.955330    -1.201346   -14.952061
 C    23.402819    -1.826110   -13.495967
 C    24.562244    -2.113239   -12.804329
 C    26.998986    -2.763706   -11.341730
 C    28.156279    -3.055868   -10.646774
 C    31.759155    -3.839407    -4.174014
 C    31.763323    -3.773290    -2.794510
 C    31.829841    -3.171400     4.387691
 C    31.848749    -3.017351     5.760006
 C    28.301413    -1.418597    12.112922
 C    27.137418    -1.096204    12.782735
 C     4.950444     0.655836    12.773840
 C     3.751072     0.567003    12.094680
 C    14.943389    -0.008827   -17.104443
 C    13.642170    -0.055658   -14.979564
 C    14.895649    -0.145359   -15.703467
 C    18.558446    -0.768631   -14.968561
 C    19.741958    -1.139447   -12.835542
 C    18.533490    -0.877554   -13.552124
 C    14.852621    -0.387116   -12.845484
 C    11.173190     0.087627   -13.566937
 C     9.918573     0.138581   -12.851106
 C     9.906576     0.032468   -11.433923
 C    12.372812    -0.200143   -11.423966
 C    18.498869    -1.053712   -10.698229
 C    22.160979    -1.675064   -11.400090
 C    23.365435    -1.953491   -10.682996
 C    28.178496    -3.078989    -9.234094
 C    29.397062    -3.380971    -8.508032
 C    31.760844    -3.947139    -7.084771
 C    29.388151    -3.356872    -7.082383
 C    26.974140    -2.792158    -7.090016
 C    26.979340    -2.797409    -8.525835
 C    22.136875    -1.770785    -8.544607
 C    22.129075    -1.790573    -7.119678
 C    19.691125    -1.366740    -7.127951
 C    14.805715    -0.630648    -8.571208
 C    14.794916    -0.678054    -7.146447
 C    12.335135    -0.412796    -7.150381
 C    12.345932    -0.358186    -8.579186
 C     9.880180    -0.137970    -8.581666
 C     9.869985    -0.198199    -7.157879
 C     4.930130     0.083212    -7.164608
 C     4.938266     0.151048    -8.598852
 C     2.452301     0.231086    -8.602659
 C     2.452175     0.164330    -7.178344
 C     1.223662     0.288417    -9.288853
 C     3.714717     0.236041    -9.316267
 C    13.580712    -0.455228    -9.288897
 C    20.922121    -1.526292    -9.264979
 C    23.354609    -1.994954    -9.249863
 C     0.005060     0.095776    -4.294246
 C     0.002288     0.055944    -2.913793
 C     1.210282     0.025238    -2.179078
 C     1.209299     0.003778    -0.733968
 C     1.209371     0.007876     2.114008
 C     1.210368     0.031689     3.559083
 C     0.006602     0.201909     8.584529
 C     2.450773     0.260487     8.555122
 C     2.449888     0.351225     9.978149
 C     4.936648     0.395923     9.969697
 C     4.929784     0.285708     8.538075
 C     9.876658     0.213182     8.528483
 C     9.886393     0.349865     9.946962
 C    12.359769     0.248151     9.945403
 C    12.348352     0.099052     8.523432
 C    14.816622    -0.067812     8.525544
 C    14.829518     0.091169     9.942146
 C    22.205386    -0.708825     9.958074
 C    22.188656    -0.890872     8.544764
 C    19.735930    -0.564255     8.532688
 C    27.069953    -1.698415     8.574126
 C    27.090579    -1.507877     9.997153
 C    29.532439    -1.980299    10.018299
 C    29.504498    -2.166273     8.604769
 C    31.900190    -2.653178     8.649096
 C    28.309419    -1.634165    10.716520
 C    23.437827    -0.791244    10.668652
 C    20.984942    -0.444808    10.661677
 C    13.599611     0.260756    10.652670
 C     3.711509     0.437746    10.688119
 C     4.919393     0.114467     5.692889
 C     4.917086     0.051402     4.260454
 C     9.856310    -0.094564     4.258133
 C     9.861508    -0.009213     5.681825
 C    14.796471    -0.332736     5.683372
 C    14.788737    -0.438943     4.261506
 C    22.148026    -1.334725     4.286774
 C    22.160038    -1.203866     5.706680
 C    27.033988    -2.031987     5.743607
 C    27.017225    -2.178347     4.317358
 C    30.622352    -3.135125     2.208864
 C    30.639018    -2.995322     3.647361
 C    25.770040    -2.325769    -0.677546
 C    23.339885    -1.872817    -0.690907
 C    23.336952    -1.935533    -2.119494
 C    26.972296    -2.679324    -2.807521
 C    26.971351    -2.732983    -4.240333
 C    30.590472    -3.454548    -2.072654
 C    30.598503    -3.362523    -0.630214
 C    25.786574    -2.134130     2.175381
 C    23.353025    -1.699760     2.157329
 C    23.362599    -1.588937     3.582883
 C    18.471079    -0.883650     3.558591
 C    18.464619    -0.977433     2.135635
 C    18.456964    -1.114754    -0.715206
 C    18.455989    -1.158189    -2.140492
 C    19.678657    -1.351472    -2.848238
 C    19.680478    -1.374026    -4.276804
 C    14.777424    -0.715817    -2.866308
 C    14.781176    -0.720790    -4.292321
 C    13.545751    -0.581475    -2.155221
 C    13.544985    -0.555652    -0.729439
 C     9.855971    -0.269190    -4.303279
 C     9.852085    -0.279842    -2.876865
 C     8.618010    -0.203157    -2.165842
 C     8.616638    -0.194126    -0.735615
 C     8.617943    -0.129876     2.117214
 C     8.620673    -0.074058     3.546236
 C    13.548791    -0.453821     2.122956
 C    13.553158    -0.378032     3.546986
 C    16.009343    -0.690906     2.126998
 C    16.003795    -0.810526    -0.722156
 C     6.146933    -0.085331    -0.739694
 C     4.916359    -0.035720    -2.881976
 C     4.918733    -0.009055    -4.315578
 C     6.147568    -0.040670     2.119499
 C     9.909684     0.679204    12.785075
 C     9.919044     0.866378    14.193952
 C    11.176893     0.948142    14.901494
 C    12.385550     0.597355    12.772904
 C    14.877424     0.673226    14.183447
 C    18.547835     0.042479    12.066559
 C    22.244079    -0.292124    12.784626
 C    23.457519    -0.580264    12.086737
 C    24.678789    -0.417668    14.193849
 C    23.508867    -0.126168    14.865584
 C    19.805381     0.240447    14.187792
 C    18.586119     0.488442    14.890935
 C    18.611301     0.730786    16.290739
 C    14.916431     1.146907    17.012093
 C    13.656030     1.084764    16.297272
 C    14.961237     1.405533    18.395839
