   366
    366     0     0     0     150722.057
C        0.0000000000        0.0000000000        0.0000000000
C        0.0000000000        0.0000000000        1.3800760000
C        2.4408450000        0.0000000000        1.4044440000
C        2.4408700000       -0.0060110000       -0.0246740000
B        4.9135200000       -0.0453560000       -0.0267960000
C        4.9136470000       -0.0282470000        1.4064420000
C        7.3839730000       -0.0986260000        1.4034840000
C        7.3835300000       -0.1259560000       -0.0228140000
C        9.8491380000       -0.2534950000       -0.0211810000
C        9.8500510000       -0.2166170000        1.4049390000
C       12.3164050000       -0.3836360000        1.4087580000
C       12.3148500000       -0.4300140000       -0.0190410000
C       14.7764700000       -0.6555130000       -0.0128430000
C       14.7788320000       -0.6001030000        1.4120140000
C       17.2344010000       -0.8662320000        1.4185510000
C       17.2310860000       -0.9304170000       -0.0059270000
C       19.6815500000       -1.2553950000        0.0019770000
C       19.6860290000       -1.1821780000        1.4286170000
C       22.1308440000       -1.5476830000        1.4388780000
C       22.1250060000       -1.6297450000        0.0146940000
C       24.5573040000       -2.0530430000        0.0292440000
C       24.5646630000       -1.9621160000        1.4528490000
C       26.9922260000       -2.4247030000        1.4732170000
C       26.9830190000       -2.5255510000        0.0434800000
C       29.4015030000       -3.0412020000        0.0662680000
C       29.4127770000       -2.9307410000        1.4910990000
C       31.7942960000       -3.4660580000        1.4890140000
C       31.7822490000       -3.5777820000        0.1134930000
C       16.1505350000       -0.1093750000      -17.7902840000
C       17.3332960000       -0.3568080000      -17.0992110000
C       17.3340810000       -0.5002540000      -15.6981180000
C       16.1044210000       -0.3837220000      -14.9856130000
C       16.0840810000       -0.5014290000      -13.5541030000
C       17.2955120000       -0.7322900000      -12.8393940000
C       17.2803880000       -0.8239460000      -11.4180300000
C       16.0503360000       -0.6887960000      -10.7088230000
C       16.0367260000       -0.7585860000       -9.2800420000
C       17.2543610000       -0.9557120000       -8.5640510000
C       17.2451880000       -0.9954170000       -7.1390670000
C       16.0167770000       -0.8454830000       -6.4300230000
C       16.0102160000       -0.8628160000       -5.0014010000
C       17.2329520000       -1.0214030000       -4.2846510000
C       17.2302610000       -1.0083200000       -2.8588630000
C       16.0037390000       -0.8450740000       -2.1499250000
C       16.1761680000        1.4530530000       19.0736560000
C       17.3703620000        1.2350050000       18.3924250000
C       17.3745080000        0.9729040000       17.0086000000
C       16.1358370000        0.9379330000       16.3030620000
C       16.1169070000        0.6983830000       14.8868320000
C       17.3375090000        0.4859930000       14.1820370000
C       17.3215910000        0.2676290000       12.7745560000
C       16.0827710000        0.2700840000       12.0677920000
C       16.0675950000        0.0797550000       10.6500620000
C       17.2904580000       -0.1211230000        9.9441350000
C       17.2774000000       -0.2888750000        8.5285260000
C       16.0416810000       -0.2469980000        7.8175740000
C       16.0310390000       -0.3842250000        6.3954910000
C       17.2550210000       -0.5719360000        5.6880790000
C       17.2464250000       -0.6870170000        4.2669040000
C       16.0148010000       -0.6056800000        3.5526160000
C       24.5755830000       -2.1849070000      -11.3915680000
C       25.7885340000       -2.4875820000      -10.6659100000
C       25.7770960000       -2.5125630000       -9.2440930000
C       24.5585790000       -2.2562580000       -8.5331050000
C       24.5536890000       -2.2658680000       -7.1079490000
C       25.7664670000       -2.5183510000       -6.3860750000
C       25.7632800000       -2.4942930000       -4.9599860000
C       24.5487160000       -2.2307560000       -4.2514880000
C       24.5492820000       -2.1879990000       -2.8258670000
C       25.7659010000       -2.3981980000       -2.1032530000
C       24.6848440000       -0.6558850000       12.7994310000
C       25.9067710000       -0.9774690000       12.0974660000
C       25.8830880000       -1.1870920000       10.6911190000
C       24.6471140000       -1.0809390000        9.9719710000
C       24.6304140000       -1.2685440000        8.5592290000
C       25.8453990000       -1.5661880000        7.8585020000
C       25.8272730000       -1.7308680000        6.4418220000
C       24.5989320000       -1.5941430000        5.7212540000
C       24.5854380000       -1.7322130000        4.3017160000
C       25.7982520000       -2.0151540000        3.5977260000
C        7.4419770000        0.7005060000       12.7974720000
C        6.1857360000        0.6095140000       12.0882300000
C        6.1785280000        0.4699680000       10.6730170000
C        7.4170800000        0.3992360000        9.9540290000
C        7.4067670000        0.2743810000        8.5343290000
C        6.1615910000        0.2335990000        7.8247330000
C        6.1569510000        0.1416430000        6.4013900000
C        7.3932180000        0.0765230000        5.6844510000
C        7.3889860000        0.0022300000        4.2601030000
C        6.1492590000        0.0042210000        3.5462600000
C        7.4451280000        0.2075500000      -11.4408910000
C        6.1892940000        0.2238140000      -10.7255620000
C        6.1799820000        0.1372060000       -9.3061660000
C        7.4159990000        0.0316470000       -8.5869720000
C        7.4046070000       -0.0333710000       -7.1632420000
C        6.1605790000        0.0034810000       -6.4512690000
C        6.1554930000       -0.0407120000       -5.0256100000
C        7.3906570000       -0.1165770000       -4.3076790000
C        7.3868070000       -0.1348290000       -2.8814650000
B        6.1480810000       -0.0852050000       -2.1674830000
C       30.5895180000       -3.6364510000       -6.3670000000
C       30.5841810000       -3.5880070000       -4.9175830000
C       28.1742510000       -3.0216500000       -4.9466020000
C       28.1765620000       -3.0562150000       -6.3715860000
C       23.3405000000       -2.0230070000       -6.4012570000
C       23.3368410000       -2.0110080000       -4.9707940000
C       20.9017510000       -1.5764540000       -4.9845970000
C       20.9059860000       -1.5774710000       -6.4104000000
C       18.4666930000       -1.1853680000       -6.4202350000
C       18.4608510000       -1.1937840000       -4.9945430000
C       13.5532100000       -0.5828650000       -5.0096930000
C       13.5601600000       -0.5577150000       -6.4352140000
C       11.1009420000       -0.3216140000       -6.4408400000
C       11.0933010000       -0.3536990000       -5.0153300000
C        8.6261200000       -0.1741000000       -5.0181350000
C        8.6328950000       -0.1353740000       -6.4481990000
C        3.6928370000        0.0991110000       -6.4570650000
C        3.6890330000        0.0500210000       -5.0325030000
C        1.2137620000        0.1039380000       -5.0260570000
C        1.2118220000        0.1613950000       -6.4750620000
C       30.6787270000       -2.6809120000        6.4772740000
C       30.7066700000       -2.5037470000        7.9163340000
C       28.2735050000       -2.0161380000        7.8796510000
C       28.2530820000       -2.1850840000        6.4644260000
C       23.3875440000       -1.3198920000        6.4224210000
C       23.4028400000       -1.1599550000        7.8439400000
C       20.9536720000       -0.8036860000        7.8293840000
C       20.9407360000       -0.9565830000        6.4118110000
C       18.4901080000       -0.6447800000        6.4027420000
C       18.5021220000       -0.4993350000        7.8209870000
C       13.5763920000       -0.0477920000        7.8140220000
C       13.5670800000       -0.1750660000        6.3940310000
C       11.1015940000       -0.0188820000        6.3938630000
C       11.1102950000        0.0979570000        7.8148680000
C        8.6372230000        0.1907920000        7.8207490000
C        8.6303380000        0.0855270000        6.3941010000
C        3.6890110000        0.1525760000        6.4097190000
C        3.6922040000        0.2330590000        7.8328480000
C        1.2108780000        0.1935930000        7.8541410000
C        1.2133980000        0.1258340000        6.4055060000
C       14.8591440000        0.4622580000       12.7748930000
C       13.6130930000        0.4406520000       12.0660260000
C       13.6437300000        0.8557790000       14.8950510000
C       12.4005450000        0.7996630000       14.1923250000
C       12.4245080000        1.2432950000       16.9718630000
C       11.2217470000        1.1715370000       16.2965960000
C       12.4192270000        0.1451940000      -15.6583560000
C       11.2211480000        0.2108110000      -14.9743550000
C       13.6273470000       -0.1772160000      -13.5639730000
C       12.3896960000       -0.0966270000      -12.8539110000
C       14.8337590000       -0.4841170000      -11.4245300000
C       13.5941980000       -0.3790980000      -10.7116600000
C       22.1803330000       -1.6045210000      -12.8194930000
C       20.9631010000       -1.3141070000      -13.5430180000
C       20.9325330000       -1.4728920000      -10.6888990000
C       19.7253090000       -1.2229090000      -11.4042040000
C       22.2691380000       -0.0632140000       14.1871510000
C       21.0399880000        0.2197000000       14.8932540000
C       21.0011590000       -0.2396100000       12.0717870000
C       19.7858170000        0.0137390000       12.7720580000
C       19.6997990000       -1.3361150000       -8.5574780000
C       18.4855970000       -1.1149270000       -9.2747490000
C       19.7507130000       -0.3880930000        9.9515330000
C       18.5309860000       -0.1552070000       10.6555870000
C       11.1317660000        0.3845100000       10.6554640000
C       11.1462450000        0.5546930000       12.0701590000
C        8.6555510000        0.4512970000       10.6576160000
C        8.6670400000        0.6089940000       12.0826820000
C       11.1379110000       -0.1240120000      -10.7162460000
C       11.1222460000       -0.2064190000       -9.2936800000
C        8.6661350000        0.0761510000      -10.7254690000
C        8.6527510000       -0.0107090000       -9.2943170000
C       12.3308510000       -0.1451590000        5.6827360000
C       12.3243570000       -0.2416570000        4.2572610000
C       11.0896330000       -0.2009610000        3.5446670000
C       11.0859720000       -0.2670220000        2.1200620000
C       11.0836560000       -0.3503850000       -0.7340390000
C       11.0850230000       -0.3678810000       -2.1600960000
C       12.3170450000       -0.4733420000       -2.8707510000
C       12.3210400000       -0.4700500000       -4.2995380000
C       19.7105220000       -0.8626410000        5.6972060000
C       19.7004190000       -0.9861440000        4.2738250000
C       20.9191740000       -1.2113340000        3.5682470000
C       20.9114750000       -1.3135160000        2.1458460000
C       20.9012770000       -1.4687630000       -0.7051010000
C       20.8992270000       -1.5214030000       -2.1302390000
C       22.1197510000       -1.7449550000       -2.8385960000
C       22.1207040000       -1.7777010000       -4.2644670000
B        3.6817320000       -0.0211120000       -0.7429550000
B        3.6828600000       -0.0119230000       -2.1683200000
C        2.4430580000        0.0232130000       -2.8879500000
C        2.4442810000        0.0594010000       -4.3166110000
C        2.4441070000        0.1114350000        5.6954950000
C        2.4431840000        0.0600050000        4.2672740000
C        3.6831510000        0.0376270000        3.5474090000
C        3.6819880000        0.0024020000        2.1224550000
C       29.4624230000       -2.5113400000        5.7624720000
C       29.4425540000       -2.6658720000        4.3418430000
C       28.2190950000       -2.4861370000        3.6158640000
C       28.2055550000       -2.6130520000        2.1964950000
C       28.1851170000       -2.8242380000       -0.6611750000
C       28.1792120000       -2.9050950000       -2.0842540000
C       29.3876850000       -3.2129410000       -2.7920810000
C       29.3861540000       -3.2765130000       -4.2199870000
C       30.5920710000       -3.6965900000       -9.1832530000
C       31.7574340000       -3.9793310000       -8.4763800000
C       31.9172170000       -2.4737710000       10.0293130000
C       30.7493550000       -2.1399250000       10.7091970000
C       21.0331430000        0.4711340000       16.2842990000
C       19.8554590000        0.7227230000       16.9606200000
C        8.6837130000        0.9660650000       14.8760190000
C        7.4833790000        0.8796210000       14.2001250000
C        1.2210230000        0.3567720000       10.6662650000
C        0.0156660000        0.2790260000        9.9743450000
C        0.0050870000        0.0804080000        5.6743690000
C        0.0028360000        0.0366010000        4.2939880000
C        0.0077850000        0.2197860000       -7.2035160000
C        0.0175200000        0.2815310000       -8.5940650000
C        3.7563280000        0.3209540000      -10.7260590000
C        4.9561630000        0.3190780000      -11.4099760000
C        7.4894830000        0.3150950000      -12.8507180000
C        8.6883770000        0.2858450000      -13.5337880000
C       19.7897730000       -0.9314610000      -15.6422350000
C       20.9553300000       -1.2013460000      -14.9520610000
C       23.4028190000       -1.8261100000      -13.4959670000
C       24.5622440000       -2.1132390000      -12.8043290000
C       26.9989860000       -2.7637060000      -11.3417300000
C       28.1562790000       -3.0558680000      -10.6467740000
C       31.7591550000       -3.8394070000       -4.1740140000
C       31.7633230000       -3.7732900000       -2.7945100000
C       31.8298410000       -3.1714000000        4.3876910000
C       31.8487490000       -3.0173510000        5.7600060000
C       28.3014130000       -1.4185970000       12.1129220000
C       27.1374180000       -1.0962040000       12.7827350000
C        4.9504440000        0.6558360000       12.7738400000
C        3.7510720000        0.5670030000       12.0946800000
C       14.9433890000       -0.0088270000      -17.1044430000
C       13.6421700000       -0.0556580000      -14.9795640000
C       14.8956490000       -0.1453590000      -15.7034670000
C       18.5584460000       -0.7686310000      -14.9685610000
C       19.7419580000       -1.1394470000      -12.8355420000
C       18.5334900000       -0.8775540000      -13.5521240000
C       14.8526210000       -0.3871160000      -12.8454840000
C       11.1731900000        0.0876270000      -13.5669370000
C        9.9185730000        0.1385810000      -12.8511060000
C        9.9065760000        0.0324680000      -11.4339230000
C       12.3728120000       -0.2001430000      -11.4239660000
C       18.4988690000       -1.0537120000      -10.6982290000
C       22.1609790000       -1.6750640000      -11.4000900000
C       23.3654350000       -1.9534910000      -10.6829960000
C       28.1784960000       -3.0789890000       -9.2340940000
C       29.3970620000       -3.3809710000       -8.5080320000
C       31.7608440000       -3.9471390000       -7.0847710000
C       29.3881510000       -3.3568720000       -7.0823830000
C       26.9741400000       -2.7921580000       -7.0900160000
C       26.9793400000       -2.7974090000       -8.5258350000
C       22.1368750000       -1.7707850000       -8.5446070000
C       22.1290750000       -1.7905730000       -7.1196780000
C       19.6911250000       -1.3667400000       -7.1279510000
C       14.8057150000       -0.6306480000       -8.5712080000
C       14.7949160000       -0.6780540000       -7.1464470000
C       12.3351350000       -0.4127960000       -7.1503810000
C       12.3459320000       -0.3581860000       -8.5791860000
C        9.8801800000       -0.1379700000       -8.5816660000
C        9.8699850000       -0.1981990000       -7.1578790000
C        4.9301300000        0.0832120000       -7.1646080000
C        4.9382660000        0.1510480000       -8.5988520000
C        2.4523010000        0.2310860000       -8.6026590000
C        2.4521750000        0.1643300000       -7.1783440000
C        1.2236620000        0.2884170000       -9.2888530000
C        3.7147170000        0.2360410000       -9.3162670000
C       13.5807120000       -0.4552280000       -9.2888970000
C       20.9221210000       -1.5262920000       -9.2649790000
C       23.3546090000       -1.9949540000       -9.2498630000
C        0.0050600000        0.0957760000       -4.2942460000
C        0.0022880000        0.0559440000       -2.9137930000
C        1.2102820000        0.0252380000       -2.1790780000
C        1.2092990000        0.0037780000       -0.7339680000
C        1.2093710000        0.0078760000        2.1140080000
C        1.2103680000        0.0316890000        3.5590830000
C        0.0066020000        0.2019090000        8.5845290000
C        2.4507730000        0.2604870000        8.5551220000
C        2.4498880000        0.3512250000        9.9781490000
C        4.9366480000        0.3959230000        9.9696970000
C        4.9297840000        0.2857080000        8.5380750000
C        9.8766580000        0.2131820000        8.5284830000
C        9.8863930000        0.3498650000        9.9469620000
C       12.3597690000        0.2481510000        9.9454030000
C       12.3483520000        0.0990520000        8.5234320000
C       14.8166220000       -0.0678120000        8.5255440000
C       14.8295180000        0.0911690000        9.9421460000
C       22.2053860000       -0.7088250000        9.9580740000
C       22.1886560000       -0.8908720000        8.5447640000
C       19.7359300000       -0.5642550000        8.5326880000
C       27.0699530000       -1.6984150000        8.5741260000
C       27.0905790000       -1.5078770000        9.9971530000
C       29.5324390000       -1.9802990000       10.0182990000
C       29.5044980000       -2.1662730000        8.6047690000
C       31.9001900000       -2.6531780000        8.6490960000
C       28.3094190000       -1.6341650000       10.7165200000
C       23.4378270000       -0.7912440000       10.6686520000
C       20.9849420000       -0.4448080000       10.6616770000
C       13.5996110000        0.2607560000       10.6526700000
C        3.7115090000        0.4377460000       10.6881190000
C        4.9193930000        0.1144670000        5.6928890000
C        4.9170860000        0.0514020000        4.2604540000
C        9.8563100000       -0.0945640000        4.2581330000
C        9.8615080000       -0.0092130000        5.6818250000
C       14.7964710000       -0.3327360000        5.6833720000
C       14.7887370000       -0.4389430000        4.2615060000
C       22.1480260000       -1.3347250000        4.2867740000
C       22.1600380000       -1.2038660000        5.7066800000
C       27.0339880000       -2.0319870000        5.7436070000
C       27.0172250000       -2.1783470000        4.3173580000
C       30.6223520000       -3.1351250000        2.2088640000
C       30.6390180000       -2.9953220000        3.6473610000
C       25.7700400000       -2.3257690000       -0.6775460000
C       23.3398850000       -1.8728170000       -0.6909070000
C       23.3369520000       -1.9355330000       -2.1194940000
C       26.9722960000       -2.6793240000       -2.8075210000
C       26.9713510000       -2.7329830000       -4.2403330000
C       30.5904720000       -3.4545480000       -2.0726540000
C       30.5985030000       -3.3625230000       -0.6302140000
C       25.7865740000       -2.1341300000        2.1753810000
C       23.3530250000       -1.6997600000        2.1573290000
C       23.3625990000       -1.5889370000        3.5828830000
C       18.4710790000       -0.8836500000        3.5585910000
C       18.4646190000       -0.9774330000        2.1356350000
C       18.4569640000       -1.1147540000       -0.7152060000
C       18.4559890000       -1.1581890000       -2.1404920000
C       19.6786570000       -1.3514720000       -2.8482380000
C       19.6804780000       -1.3740260000       -4.2768040000
C       14.7774240000       -0.7158170000       -2.8663080000
C       14.7811760000       -0.7207900000       -4.2923210000
C       13.5457510000       -0.5814750000       -2.1552210000
C       13.5449850000       -0.5556520000       -0.7294390000
C        9.8559710000       -0.2691900000       -4.3032790000
C        9.8520850000       -0.2798420000       -2.8768650000
C        8.6180100000       -0.2031570000       -2.1658420000
C        8.6166380000       -0.1941260000       -0.7356150000
C        8.6179430000       -0.1298760000        2.1172140000
C        8.6206730000       -0.0740580000        3.5462360000
C       13.5487910000       -0.4538210000        2.1229560000
C       13.5531580000       -0.3780320000        3.5469860000
C       16.0093430000       -0.6909060000        2.1269980000
C       16.0037950000       -0.8105260000       -0.7221560000
B        6.1469330000       -0.0853310000       -0.7396940000
B        4.9163590000       -0.0357200000       -2.8819760000
C        4.9187330000       -0.0090550000       -4.3155780000
C        6.1475680000       -0.0406700000        2.1194990000
C        9.9096840000        0.6792040000       12.7850750000
C        9.9190440000        0.8663780000       14.1939520000
C       11.1768930000        0.9481420000       14.9014940000
C       12.3855500000        0.5973550000       12.7729040000
C       14.8774240000        0.6732260000       14.1834470000
C       18.5478350000        0.0424790000       12.0665590000
C       22.2440790000       -0.2921240000       12.7846260000
C       23.4575190000       -0.5802640000       12.0867370000
C       24.6787890000       -0.4176680000       14.1938490000
C       23.5088670000       -0.1261680000       14.8655840000
C       19.8053810000        0.2404470000       14.1877920000
C       18.5861190000        0.4884420000       14.8909350000
C       18.6113010000        0.7307860000       16.2907390000
C       14.9164310000        1.1469070000       17.0120930000
C       13.6560300000        1.0847640000       16.2972720000
C       14.9612370000        1.4055330000       18.3958390000
