  486
 
 C     0.000000     0.000000     0.000000
 C     0.000000     0.000000     1.363965
 C     2.472551     0.000000     1.389254
 C     2.472551     0.000000    -0.025322
 C     4.942723     0.000000    -0.029245
 C     4.942723     0.000000     1.393142
 C     7.412407     0.000000     1.394176
 C     7.412407     0.000000    -0.030327
 C     9.881826     0.000000    -0.030801
 C     9.881826     0.000000     1.394602
 C    12.351651     0.000000     1.394732
 C    12.351651     0.000000    -0.030986
 C    14.821616     0.000000    -0.031116
 C    14.821616     0.000000     1.394866
 C    17.291803     0.000000     1.394953
 C    17.291803     0.000000    -0.031230
 C    19.761973     0.000000    -0.031187
 C    19.761973     0.000000     1.394855
 C    22.231928     0.000000     1.394855
 C    22.231928     0.000000    -0.031188
 C    24.702095     0.000000    -0.031275
 C    24.702120     0.000000     1.394909
 C    27.172314     0.000000     1.394780
 C    27.172289     0.000000    -0.031205
 C    29.642271     0.000000    -0.031119
 C    29.642296     0.000000     1.394609
 C    32.112122     0.000000     1.394437
 C    32.112097     0.000000    -0.030970
 C    34.581496     0.000000    -0.030539
 C    34.581521     0.000000     1.393963
 C    37.051192     0.000000     1.392885
 C    37.051167     0.000000    -0.029499
 C    39.521310     0.000000    -0.025619
 C    39.521335     0.000000     1.388945
 C    41.993858     0.000000     1.363613
 C    41.993834     0.000000    -0.000345
 C    20.997027     0.000000   -17.852007
 C    22.233120     0.000000   -17.163696
 C    22.232919     0.000000   -15.723170
 C    20.997032     0.000000   -15.014740
 C    20.997032     0.000000   -13.583078
 C    22.231608     0.000000   -12.871013
 C    22.231857     0.000000   -11.442039
 C    20.996993     0.000000   -10.729579
 C    20.996968     0.000000    -9.301909
 C    22.231657     0.000000    -8.589032
 C    22.231956     0.000000    -7.162205
 C    20.996934     0.000000    -6.449481
 C    20.996934     0.000000    -5.022908
 C    22.231850     0.000000    -4.309815
 C    22.231949     0.000000    -2.883526
 C    20.996931     0.000000    -2.170430
 C    20.996901     0.000000    19.216052
 C    22.233040     0.000000    18.527631
 C    22.232839     0.000000    17.086952
 C    20.996930     0.000000    16.378423
 C    20.996955     0.000000    14.946704
 C    22.231566     0.000000    14.234705
 C    22.231841     0.000000    12.805784
 C    20.996998     0.000000    12.093336
 C    20.997023     0.000000    10.665704
 C    22.231730     0.000000     9.952846
 C    22.232053     0.000000     8.525981
 C    20.997028     0.000000     7.813197
 C    20.997028     0.000000     6.386581
 C    22.231960     0.000000     5.673478
 C    22.232059     0.000000     4.247182
 C    20.997026     0.000000     3.534107
 C    28.426424     0.000000   -17.843395
 C    29.635906     0.000000   -17.154469
 C    29.646564     0.000000   -15.714257
 C    28.404654     0.000000   -15.007204
 C    28.408123     0.000000   -13.577079
 C    29.639939     0.000000   -12.865861
 C    29.643975     0.000000   -11.438442
 C    28.406042     0.000000   -10.726542
 C    28.408507     0.000000    -9.299878
 C    29.642990     0.000000    -8.587867
 C    29.644434     0.000000    -7.161833
 C    28.407730     0.000000    -6.448829
 C    28.408477     0.000000    -5.022831
 C    29.643178     0.000000    -4.309976
 C    29.643228     0.000000    -2.884269
 C    28.407729     0.000000    -2.170551
 C    28.426466     0.000000    19.207343
 C    29.635926     0.000000    18.518346
 C    29.646584     0.000000    17.078074
 C    28.404660     0.000000    16.370985
 C    28.408080     0.000000    14.940832
 C    29.639904     0.000000    14.229638
 C    29.643890     0.000000    12.802231
 C    28.405921     0.000000    12.090367
 C    28.408361     0.000000    10.663709
 C    29.642841     0.000000     9.951642
 C    29.644234     0.000000     8.525580
 C    28.407490     0.000000     7.812581
 C    28.408187     0.000000     6.386554
 C    29.642882     0.000000     5.673674
 C    29.642882     0.000000     4.247960
 C    28.407365     0.000000     3.534261
 C    13.567356     0.000000    19.207365
 C    12.357886     0.000000    18.518390
 C    12.347227     0.000000    17.078118
 C    13.589154     0.000000    16.371028
 C    13.585734     0.000000    14.940878
 C    12.353914     0.000000    14.229686
 C    12.349927     0.000000    12.802280
 C    13.587894     0.000000    12.090417
 C    13.585479     0.000000    10.663756
 C    12.351000     0.000000     9.951690
 C    12.349606     0.000000     8.525625
 C    13.586358     0.000000     7.812622
 C    13.585686     0.000000     6.386593
 C    12.350999     0.000000     5.673689
 C    12.351024     0.000000     4.247973
 C    13.586550     0.000000     3.534297
 C    13.567645     0.000000   -17.843449
 C    12.358149     0.000000   -17.154544
 C    12.347466     0.000000   -15.714330
 C    13.589372     0.000000   -15.007251
 C    13.585902     0.000000   -13.577120
 C    12.354068     0.000000   -12.865920
 C    12.350032     0.000000   -11.438490
 C    13.587974     0.000000   -10.726584
 C    13.585534     0.000000    -9.299912
 C    12.351056     0.000000    -8.587875
 C    12.349637     0.000000    -7.161833
 C    13.586360     0.000000    -6.448846
 C    13.585639     0.000000    -5.022845
 C    12.350951     0.000000    -4.309969
 C    12.350926     0.000000    -2.884265
 C    13.586432     0.000000    -2.170572
 C    38.284834     0.000000    -6.440058
 C    38.303205     0.000000    -5.029130
 C    35.824638     0.000000    -5.027227
 C    35.822104     0.000000    -6.450543
 C    33.350622     0.000000    -6.450758
 C    33.351269     0.000000    -5.025535
 C    30.879541     0.000000    -5.023819
 C    30.879093     0.000000    -6.449462
 C    27.171774     0.000000    -8.587747
 C    27.173043     0.000000    -7.161395
 C    24.702230     0.000000    -7.161688
 C    24.701408     0.000000    -8.588420
 C    19.762256     0.000000    -8.589076
 C    19.761924     0.000000    -7.162227
 C    17.291648     0.000000    -7.161753
 C    17.292520     0.000000    -8.588485
 C    14.822286     0.000000    -8.587800
 C    14.821041     0.000000    -7.161444
 C    11.114985     0.000000    -6.449437
 C    11.114570     0.000000    -5.023794
 C     8.642711     0.000000    -5.025347
 C     8.643358     0.000000    -6.450582
 C     6.171827     0.000000    -6.450453
 C     6.169293     0.000000    -5.027122
 C     3.690691     0.000000    -5.029069
 C     3.709087     0.000000    -6.439997
 C     3.690617     0.000000     6.392794
 C     3.708964     0.000000     7.803721
 C     6.171709     0.000000     7.814209
 C     6.169200     0.000000     6.390885
 C     8.642575     0.000000     6.389159
 C     8.643197     0.000000     7.814389
 C    11.114949     0.000000     7.813197
 C    11.114583     0.000000     6.387505
 C    14.821033     0.000000     8.525261
 C    14.822253     0.000000     9.951648
 C    17.292565     0.000000     9.952295
 C    17.291719     0.000000     8.525532
 C    19.762005     0.000000     8.525980
 C    19.762344     0.000000     9.952804
 C    24.701492     0.000000     9.952242
 C    24.702339     0.000000     8.525474
 C    27.172800     0.000000     8.525199
 C    27.171555     0.000000     9.951587
 C    30.878888     0.000000     7.813155
 C    30.879278     0.000000     6.387508
 C    33.351140     0.000000     6.389018
 C    33.350543     0.000000     7.814253
 C    35.822002     0.000000     7.813994
 C    35.824486     0.000000     6.390679
 C    38.303019     0.000000     6.392496
 C    38.284697     0.000000     7.803419
 C     7.398092     0.000000    12.814120
 C     7.426603     0.000000    14.235652
 C    34.595676     0.000000    12.814071
 C    34.567165     0.000000    14.235598
 C    34.595754     0.000000   -11.450368
 C    34.567194     0.000000   -12.871904
 C     7.426750     0.000000   -12.872026
 C     7.398164     0.000000   -11.450487
 C     1.238663     0.000000    -2.146630
 C     1.230569     0.000000    -0.754717
 C    40.763312     0.000000     2.118309
 C    40.755247     0.000000     3.510219
 C     1.238623     0.000000     3.510546
 C     1.230555     0.000000     2.118628
 C    40.763268     0.000000    -0.755029
 C    40.755154     0.000000    -2.146936
 C    32.124260     0.000000   -15.717846
 C    32.085995     0.000000   -17.160839
 C     9.908062     0.000000   -17.160958
 C     9.869772     0.000000   -15.717966
 C     9.869515     0.000000    17.081751
 C     9.907806     0.000000    18.524779
 C    32.085987     0.000000    18.524675
 C    32.124253     0.000000    17.081646
 C    24.702050     0.000000    -4.309728
 C    24.702299     0.000000    -2.883482
 C    27.172942     0.000000    -2.883714
 C    27.172643     0.000000    -4.309649
 C    19.762016     0.000000    -4.309813
 C    19.761914     0.000000    -2.883525
 C    17.291564     0.000000    -2.883482
 C    17.291813     0.000000    -4.309732
 C    14.821466     0.000000    -4.309714
 C    14.821193     0.000000    -2.883782
 C    27.172597     0.000000     4.247442
 C    27.172323     0.000000     5.673379
 C    24.702185     0.000000     5.673392
 C    24.702409     0.000000     4.247138
 C    19.762005     0.000000     4.247204
 C    19.762099     0.000000     5.673480
 C    17.291894     0.000000     5.673437
 C    17.291645     0.000000     4.247189
 C    14.821304     0.000000     4.247498
 C    14.821553     0.000000     5.673430
 C    16.056295     0.000000    14.943379
 C    16.057669     0.000000    16.374575
 C    18.527079     0.000000    16.377549
 C    18.526654     0.000000    14.945967
 C    23.467227     0.000000    14.945930
 C    23.466756     0.000000    16.377504
 C    25.936133     0.000000    16.374518
 C    25.937532     0.000000    14.943319
 C    16.056444     0.000000   -13.579621
 C    16.057893     0.000000   -15.010782
 C    18.527264     0.000000   -15.013712
 C    18.526764     0.000000   -13.582180
 C    23.467277     0.000000   -13.582215
 C    23.466797     0.000000   -15.013773
 C    25.936149     0.000000   -15.010780
 C    25.937572     0.000000   -13.579620
 C    32.110317     0.000000   -12.868474
 C    32.117562     0.000000   -11.441913
 C     9.876400     0.000000   -11.441987
 C     9.883646     0.000000   -12.868563
 C     9.876310     0.000000    12.805733
 C     9.883505     0.000000    14.232289
 C    32.117503     0.000000    12.805684
 C    32.110282     0.000000    14.232234
 C     6.176889     0.000000    -0.746445
 C     6.175820     0.000000    -2.170064
 C     7.409357     0.000000    -2.886185
 C     7.408882     0.000000    -4.310870
 C     7.403255     0.000000     8.530270
 C     7.407606     0.000000     9.954861
 C     8.638986     0.000000    10.668725
 C     8.645176     0.000000    12.094164
 C    32.116584     0.000000     8.527455
 C    32.114718     0.000000     9.953211
 C    33.354772     0.000000    10.668608
 C    33.348630     0.000000    12.094119
 C    32.116658     0.000000    -7.163935
 C    32.114767     0.000000    -8.589674
 C    33.354821     0.000000    -9.305072
 C    33.348687     0.000000   -10.730350
 C    34.585064     0.000000    -4.311020
 C    34.584517     0.000000    -2.886457
 C    33.347798     0.000000    -2.171141
 C    33.347182     0.000000    -0.745974
 C    35.817027     0.000000     2.110103
 C    35.818121     0.000000     3.533719
 C    34.584613     0.000000     4.249851
 C    34.584921     0.000000     5.674482
 C     8.646726     0.000000     2.109615
 C     8.646104     0.000000     3.534719
 C     7.409385     0.000000     4.250063
 C     7.408783     0.000000     5.674645
 C     8.646724     0.000000    -0.745785
 C     8.646102     0.000000    -2.170885
 C     9.880391     0.000000    -2.885140
 C     9.880017     0.000000    -4.310570
 C     7.403411     0.000000    -7.166495
 C     7.407787     0.000000    -8.591093
 C     8.639199     0.000000    -9.304918
 C     8.645236     0.000000   -10.730458
 C    27.172785     0.000000   -17.157161
 C    27.175199     0.000000   -15.717751
 C    24.704402     0.000000   -15.721151
 C    24.704427     0.000000   -17.161025
 C    19.760935     0.000000   -17.163697
 C    19.761145     0.000000   -15.723170
 C    17.289646     0.000000   -15.721068
 C    17.289594     0.000000   -17.160940
 C    14.821275     0.000000   -17.157192
 C    14.818879     0.000000   -15.717825
 C     8.668369     0.000000   -15.015023
 C     8.635789     0.000000   -13.586228
 C    11.113765     0.000000   -13.578028
 C    11.122415     0.000000   -15.007088
 C    14.824095     0.000000   -12.866891
 C    14.821628     0.000000   -11.438853
 C    17.292218     0.000000   -11.440751
 C    17.293342     0.000000   -12.869432
 C    19.762446     0.000000   -12.871036
 C    19.762153     0.000000   -11.442083
 C    24.701812     0.000000   -11.440703
 C    24.700691     0.000000   -12.869443
 C    27.169937     0.000000   -12.866911
 C    27.172430     0.000000   -11.438877
 C    25.935657     0.000000   -10.727565
 C    25.937290     0.000000    -9.300519
 C    23.466976     0.000000    -9.301410
 C    23.466102     0.000000   -10.728931
 C    18.527887     0.000000   -10.729019
 C    18.526963     0.000000    -9.301497
 C    16.056643     0.000000    -9.300591
 C    16.058394     0.000000   -10.727583
 C    11.116607     0.000000   -10.727598
 C    11.113209     0.000000    -9.301251
 C     6.160244     0.000000    -9.311653
 C     6.185433     0.000000   -10.729105
 C    33.358162     0.000000   -13.586133
 C    33.325643     0.000000   -15.014886
 C    30.871610     0.000000   -15.006994
 C    30.880223     0.000000   -13.577954
 C    25.936922     0.000000    -6.448809
 C    25.937563     0.000000    -5.022650
 C    23.467132     0.000000    -5.022717
 C    23.466771     0.000000    -6.449140
 C    18.527083     0.000000    -6.449205
 C    18.526731     0.000000    -5.022718
 C    16.056298     0.000000    -5.022649
 C    16.056934     0.000000    -6.448907
 C    11.116233     0.000000    -2.170619
 C    11.116472     0.000000    -0.745061
 C    16.056651     0.000000    -0.744461
 C    16.056551     0.000000    -2.170533
 C    18.526806     0.000000    -2.170436
 C    18.526855     0.000000    -0.744283
 C    20.996931     0.000000    -0.744229
 C    13.586445     0.000000    -0.744634
 C    23.467042     0.000000    -0.744295
 C    23.467039     0.000000    -2.170417
 C    25.937309     0.000000    -2.170537
 C    25.937232     0.000000    -0.744534
 C    30.877436     0.000000    -0.745211
 C    30.877844     0.000000    -2.170658
 C    35.818044     0.000000    -2.170342
 C    35.816975     0.000000    -0.746707
 C    38.287998     0.000000    -0.747603
 C    38.288606     0.000000    -2.167626
 C     3.705879     0.000000     2.111240
 C     3.705235     0.000000     3.531270
 C     6.175849     0.000000     3.533971
 C     6.176905     0.000000     2.110327
 C    11.116483     0.000000     2.108841
 C    11.116422     0.000000     3.534341
 C    16.056629     0.000000     3.534267
 C    16.056664     0.000000     2.108204
 C    18.526865     0.000000     2.107973
 C    18.526904     0.000000     3.534118
 C    23.467155     0.000000     3.534071
 C    23.467049     0.000000     2.107952
 C    25.937276     0.000000     2.108140
 C    25.937434     0.000000     3.534219
 C    30.877495     0.000000     3.534351
 C    30.877478     0.000000     2.108697
 C    33.347230     0.000000     2.109425
 C    33.347877     0.000000     3.534531
 C    38.288691     0.000000     3.530970
 C    38.288032     0.000000     2.110969
 C    39.534125     0.000000     4.252790
 C    39.519808     0.000000     5.656946
 C    37.055946     0.000000     5.672557
 C    37.056885     0.000000     4.250564
 C    32.113591     0.000000     4.248784
 C    32.113989     0.000000     5.674224
 C    25.937711     0.000000     6.386321
 C    25.937048     0.000000     7.812556
 C    23.466888     0.000000     7.812876
 C    23.467248     0.000000     6.386413
 C    18.526816     0.000000     6.386412
 C    18.527177     0.000000     7.812880
 C    16.056998     0.000000     7.812659
 C    16.056405     0.000000     6.386409
 C     4.923954     0.000000     8.534394
 C     4.945878     0.000000     9.949093
 C     9.879013     0.000000     9.953262
 C     9.877053     0.000000     8.527508
 C     2.473797     0.000000     5.657283
 C     2.459786     0.000000     4.253115
 C     4.937099     0.000000     4.250866
 C     4.937704     0.000000     5.672803
 C     9.879980     0.000000     5.674426
 C     9.880378     0.000000     4.248985
 C    35.833620     0.000000    10.675146
 C    35.808370     0.000000    12.092649
 C    30.877315     0.000000    12.091306
 C    30.880731     0.000000    10.665050
 C    25.937388     0.000000    10.664350
 C    25.935719     0.000000    12.091459
 C    23.466112     0.000000    12.092775
 C    23.467031     0.000000    10.665271
 C    18.527024     0.000000    10.665183
 C    18.527896     0.000000    12.092694
 C    16.058347     0.000000    12.091358
 C    16.056750     0.000000    10.664528
 C    11.113046     0.000000    10.665020
 C    11.116516     0.000000    12.091373
 C     6.185387     0.000000    12.092703
 C     6.160044     0.000000    10.675374
 C     8.635633     0.000000    14.949935
 C     8.668109     0.000000    16.378805
 C    11.122164     0.000000    16.370841
 C    11.113604     0.000000    14.941772
 C    14.823945     0.000000    14.230676
 C    14.821558     0.000000    12.802490
 C    17.292190     0.000000    12.804434
 C    17.293239     0.000000    14.233223
 C    19.762370     0.000000    14.234663
 C    19.762134     0.000000    12.805739
 C    24.701810     0.000000    12.804538
 C    24.700670     0.000000    14.233227
 C    27.169880     0.000000    14.230603
 C    27.172468     0.000000    12.802657
 C    27.175195     0.000000    17.081553
 C    27.172808     0.000000    18.521062
 C    24.704390     0.000000    18.524939
 C    24.704377     0.000000    17.084976
 C    19.760994     0.000000    17.086909
 C    19.760763     0.000000    18.527631
 C    17.289419     0.000000    18.524957
 C    17.289498     0.000000    17.085087
 C    14.818584     0.000000    17.081564
 C    14.820919     0.000000    18.521068
 C    11.089021     0.000000    19.206781
 C     3.705867     0.000000    -0.747328
 C    16.044036     0.000000    19.211024
 C    20.997026     0.000000     2.107910
 C    18.520504     0.000000    19.214552
 C    13.586451     0.000000     2.108396
 C    23.473302     0.000000    19.214553
 C    28.407499     0.000000     2.108294
 C    25.949752     0.000000    19.211054
 C    28.407454     0.000000    -0.744749
 C    25.949772     0.000000   -17.847047
 C    30.904786     0.000000    19.206697
 C    11.089324     0.000000   -17.842933
 C    18.520728     0.000000   -17.850533
 C     9.879320     0.000000    -8.589579
 C    16.044244     0.000000   -17.846952
 C     9.877538     0.000000    -7.163824
 C    23.473330     0.000000   -17.850533
 C    30.904754     0.000000   -17.842828
 C    30.877376     0.000000   -10.727536
 C    35.808492     0.000000   -10.729004
 C    35.833775     0.000000    -9.311485
 C    30.880780     0.000000    -9.301485
 C    32.113868     0.000000    -4.310833
 C    37.056121     0.000000    -4.309124
 C    37.056799     0.000000    -2.887210
 C    39.534060     0.000000    -2.889440
 C    39.520026     0.000000    -4.293621
 C    37.069861     0.000000    -7.170703
 C    37.047997     0.000000    -8.585157
 C    34.586181     0.000000    -8.591191
 C    34.590557     0.000000    -7.166635
 C    32.113495     0.000000    -2.885403
 C     4.937770     0.000000    -4.309061
 C     2.473864     0.000000    -4.293560
 C     2.459816     0.000000    -2.889411
 C     4.937035     0.000000    -2.886921
 C     4.924073     0.000000    -7.170650
 C    37.069748     0.000000     8.534119
 C    37.047817     0.000000     9.948795
 C    34.586129     0.000000     9.954729
 C    34.590488     0.000000     8.530107
 C     4.946004     0.000000    -8.585348
 C     3.705196     0.000000    -2.167352
 C    33.358121     0.000000    14.949889
 C    33.325630     0.000000    16.378661
 C    30.871604     0.000000    16.370766
 C    30.880187     0.000000    14.941714
