  300
 
 C     0.000000     0.000000     0.000000
 C     0.000000     0.000000     1.449396
 C     2.485994     0.000000     0.014579
 C     2.479659     0.000000     1.438111
 C     4.951592     0.000000     1.454117
 C     4.959307     0.000000     0.028108
 C     7.435159     0.000000     0.047294
 C     7.424970     0.000000     1.474610
 C     9.896412     0.000000     1.493201
 C     9.907336     0.000000     0.067487
 C    12.378757     0.000000     0.085690
 C    12.367571     0.000000     1.513103
 C    14.839813     0.000000     1.532477
 C    14.850974     0.000000     0.105067
 C    17.322039     0.000000     0.124993
 C    17.311040     0.000000     1.550786
 C    19.783197     0.000000     1.570936
 C    19.793361     0.000000     0.143509
 C    22.266689     0.000000     0.163885
 C    22.258899     0.000000     1.589934
 C    24.732245     0.000000     1.603360
 C    24.738606     0.000000     0.179710
 C    27.218393     0.000000     0.168500
 C    27.218419     0.000000     1.618126
 C    13.704823     0.000000   -13.436147
 C    12.483689     0.000000   -12.776240
 C    12.458021     0.000000   -11.334549
 C    13.686894     0.000000   -10.607332
 C    13.679912     0.000000    -9.178514
 C    12.441611     0.000000    -8.477603
 C    12.431854     0.000000    -7.047837
 C    13.663682     0.000000    -6.325127
 C    13.653276     0.000000    -4.898735
 C    12.411806     0.000000    -4.195459
 C    12.400716     0.000000    -2.767630
 C    13.631613     0.000000    -2.044600
 C    13.586786     0.000000     3.662802
 C    12.344846     0.000000     4.366546
 C    12.333256     0.000000     5.794553
 C    13.564750     0.000000     6.516922
 C    13.553945     0.000000     7.943271
 C    12.312011     0.000000     8.645208
 C    12.302235     0.000000    10.074078
 C    13.536910     0.000000    10.796605
 C    13.529278     0.000000    12.225493
 C    12.285088     0.000000    12.918115
 C    12.273014     0.000000    14.350403
 C    13.510242     0.000000    15.054160
 C    25.994858     0.000000    -6.230328
 C    26.003751     0.000000    -4.806984
 C    23.551316     0.000000    -6.259970
 C    23.535564     0.000000    -4.831988
 C    21.068471     0.000000    -4.846068
 C    21.082786     0.000000    -6.275008
 C    18.610759     0.000000    -6.292007
 C    18.598225     0.000000    -4.861531
 C    16.125246     0.000000    -4.879579
 C    16.136264     0.000000    -6.307805
 C    11.192997     0.000000    -6.346154
 C    11.181982     0.000000    -4.918638
 C     8.709494     0.000000    -4.937496
 C     8.721734     0.000000    -6.365818
 C     6.252498     0.000000    -6.375988
 C     6.238054     0.000000    -4.954049
 C     3.761113     0.000000    -4.966543
 C     3.783031     0.000000    -6.390247
 C     1.320320     0.000000    -6.396909
 C     1.281105     0.000000    -5.009449
 C    25.936368     0.000000     6.627777
 C    25.897153     0.000000     8.015180
 C    23.434426     0.000000     8.008862
 C    23.456469     0.000000     6.585106
 C    20.979706     0.000000     6.572569
 C    20.964938     0.000000     7.994609
 C    18.495846     0.000000     7.984611
 C    18.508286     0.000000     6.556218
 C    16.035996     0.000000     6.537237
 C    16.024710     0.000000     7.964763
 C    11.081141     0.000000     7.925513
 C    11.092657     0.000000     6.497365
 C     8.619644     0.000000     6.479150
 C     8.606687     0.000000     7.909550
 C     6.134542     0.000000     7.892118
 C     6.149281     0.000000     6.463262
 C     3.682085     0.000000     6.449353
 C     3.666011     0.000000     7.877144
 C     1.222407     0.000000     7.847672
 C     1.213638     0.000000     6.424367
 C    21.013893     0.000000     2.294425
 C    21.002089     0.000000     3.718201
 C    22.235317     0.000000     4.441528
 C    22.222671     0.000000     5.864342
 C     6.182396     0.000000     2.178856
 C     6.174185     0.000000     3.604529
 C     4.931976     0.000000     4.310719
 C     4.923238     0.000000     5.741140
 C     4.995104     0.000000    -4.246003
 C     4.982812     0.000000    -2.823221
 C     3.738214     0.000000    -2.121239
 C     3.728285     0.000000    -0.692426
 C    19.825353     0.000000    -4.139534
 C    19.815007     0.000000    -2.711275
 C    18.574407     0.000000    -2.007089
 C    18.564315     0.000000    -0.579331
 C    20.967703    -0.000002    12.275412
 C    19.712235    -0.000002    13.000607
 C    19.717822     0.000000    10.133583
 C    18.481734     0.000000    10.840094
 C     8.735289     0.000001    -9.220983
 C     7.499323     0.000000    -8.514570
 C     7.504164     0.000001   -11.381125
 C     6.248898     0.000001   -10.656163
 C     7.357736     0.000000    10.044563
 C     6.112687     0.000000    10.751935
 C     7.357280     0.000000    12.914514
 C     6.101642     0.000000    12.190204
 C    19.858889     0.000000   -11.298354
 C    21.114532     0.000000   -10.573671
 C    18.629149     0.000000    -9.144662
 C    19.859080     0.000000    -8.427531
 C    28.439178     0.000000    -1.948521
 C    28.433517     0.000000    -0.573214
 C    25.986035     0.000000    -0.533688
 C    25.981848     0.000000    -1.961584
 C    23.510196     0.000000    -1.969589
 C    23.508176     0.000000    -0.540924
 C    21.035874     0.000000    -0.560944
 C    21.043858     0.000000    -1.986760
 C    16.102629     0.000000    -2.026184
 C    16.091600     0.000000    -0.598559
 C    13.620533     0.000000    -0.618418
 C    11.149085     0.000000    -0.636909
 C    11.160414     0.000000    -2.064299
 C     8.688118     0.000000    -2.082782
 C     8.676414     0.000000    -0.656073
 C     6.204473     0.000000    -0.676120
 C     6.216191     0.000000    -2.099840
 C     1.260620     0.000000    -2.130268
 C     1.250933     0.000000    -0.709686
 C    -1.203814     0.000000    -2.139625
 C    -1.193159     0.000000    -0.726298
 C    -1.215279     0.000000     2.190623
 C    -1.221279     0.000000     3.565827
 C     1.236220     0.000000     3.579252
 C     1.232260     0.000000     2.151462
 C     3.709918     0.000000     2.158626
 C     3.707748     0.000000     3.587232
 C     8.643689     0.000000     3.624917
 C     8.653980     0.000000     2.197281
 C    11.126849     0.000000     2.216700
 C    11.115562     0.000000     3.644220
 C    13.598066     0.000000     2.236512
 C    16.057821     0.000000     3.682603
 C    16.069388     0.000000     2.255225
 C    18.541968     0.000000     2.274391
 C    18.530140     0.000000     3.701184
 C    23.479903     0.000000     3.739324
 C    23.490001     0.000000     2.310543
 C    25.967317     0.000000     2.327800
 C    25.957495     0.000000     3.748625
 C    28.422163     0.000000     3.758304
 C    28.411482     0.000000     2.344787
 C    27.211592     0.000000    -4.090191
 C    27.217662     0.000000    -2.681682
 C    24.751829     0.000000    -2.678752
 C    24.757539     0.000000    -4.100996
 C    22.294411     0.000000    -4.123877
 C    22.285963     0.000000    -2.693195
 C    17.344707     0.000000    -2.730600
 C    17.356385     0.000000    -4.157252
 C    14.884855     0.000000    -4.176519
 C    14.873374     0.000000    -2.748640
 C     9.929378     0.000000    -2.788017
 C     9.940851     0.000000    -4.213749
 C     7.470787     0.000000    -4.231593
 C     7.458028     0.000000    -2.805123
 C     2.508818     0.000000    -2.844628
 C     2.516759     0.000000    -4.266189
 C     0.013710     0.000000    -4.283970
 C     0.031879     0.000000    -2.855928
 C    -2.432921     0.000000    -2.851055
 C    -2.432582     0.000000    -4.233404
 C    -1.221273     0.000000    -4.944999
 C     0.000193     0.000000     4.298924
 C     0.005835     0.000000     5.707539
 C     2.459917     0.000000     5.718696
 C     2.466099     0.000000     4.296289
 C     7.403092     0.000000     4.328872
 C     7.392547     0.000000     5.757072
 C     9.861533     0.000000     5.775098
 C     9.873366     0.000000     4.348453
 C    14.817613     0.000000     4.385967
 C    14.806296     0.000000     5.813774
 C    17.277147     0.000000     5.832203
 C    17.288804     0.000000     4.406415
 C    19.760110     0.000000     4.423553
 C    19.746998     0.000000     5.850104
 C    24.700824     0.000000     5.884541
 C    24.709156     0.000000     4.462918
 C    27.186120     0.000000     4.474510
 C    27.203864     0.000000     5.902416
 C    29.650295     0.000000     5.852615
 C    29.651008     0.000000     4.470155
 C    28.438592     0.000000     6.563946
 C     2.565173     0.000000    -8.520712
 C     2.548406     0.000000    -7.116307
 C     5.017409     0.000000    -7.096445
 C     5.023298     0.000000    -8.520136
 C     7.490645     0.000000    -7.088758
 C     9.968904     0.000000    -8.498700
 C     9.960393     0.000000    -7.072159
 C    14.905389     0.000000    -7.027423
 C    14.914691     0.000000    -8.456251
 C    17.390065     0.000000    -8.439076
 C    17.379457     0.000000    -7.011522
 C    22.324166     0.000000    -6.977976
 C    22.329463     0.000000    -8.416327
 C    24.818228     0.000000    -8.418769
 C    24.812877     0.000000    -6.958315
 C    19.850342     0.000000    -6.998078
 C    26.008326     0.000000    -9.157756
 C    25.997927     0.000000   -10.562788
 C    23.570013     0.000000   -10.545792
 C    23.572564     0.000000    -9.117293
 C    21.103949     0.000000    -9.135226
 C    18.634792     0.000000   -10.581738
 C    16.159768     0.000000   -10.584556
 C    16.153625     0.000000    -9.154827
 C    11.211351     0.000001    -9.204369
 C    11.222950     0.000001   -10.630840
 C     8.744585     0.000001   -10.652785
 C     6.257588     0.000001    -9.237916
 C     3.781769     0.000000    -9.230217
 C     3.805041     0.000000   -10.654635
 C     4.998877     0.000001   -11.337439
 C     7.536884     0.000001   -12.777566
 C     9.979935     0.000001   -11.354648
 C     9.994157     0.000001   -12.781600
 C    14.930704     0.000000   -11.300210
 C    14.941733     0.000000   -12.732442
 C    17.389195     0.000000   -12.722012
 C    17.395449     0.000000   -11.291746
 C    19.823516     0.000000   -12.721573
 C    22.340548     0.000000   -11.243295
 C    24.800907     0.000000   -11.254124
 C    18.634347     0.000000   -13.414016
 C    16.166094     0.000000   -13.420613
 C    11.221772     0.000001   -13.511113
 C     8.755570     0.000001   -13.493645
 C     8.757212     0.000002   -14.913810
 C    11.176721     0.000001   -14.911183
 C     9.954553     0.000002   -15.604642
 C     2.404321     0.000000     8.575474
 C     2.398459     0.000000    10.035877
 C     4.887148     0.000000    10.033146
 C     4.893038     0.000000     8.594899
 C     7.366859     0.000000     8.615187
 C     9.827037     0.000000    10.056446
 C     9.837905     0.000000     8.628931
 C    14.785668     0.000000     8.666322
 C    14.775412     0.000000    10.096057
 C    17.248244     0.000000    10.117683
 C    17.257196     0.000000     8.691043
 C    19.726849     0.000000     8.707645
 C    22.199981     0.000000     8.715201
 C    22.194026     0.000000    10.139031
 C    24.652253     0.000000    10.139273
 C    24.669093     0.000000     8.734889
 C    23.435764     0.000000    10.848934
 C    23.411877     0.000000    12.273469
 C    20.959602     0.000000    10.856954
 C    18.472063     0.000000    12.271948
 C    15.993512     0.000000    12.249622
 C    16.005706     0.000000    10.823071
 C    11.056266     0.000000    12.202119
 C    11.063462     0.000000    10.772260
 C     8.587651     0.000000    10.761504
 C     8.581614     0.000000    12.198442
 C     3.646272     0.000000    12.162690
 C     3.644035     0.000000    10.734187
 C     1.208142     0.000000    10.774498
 C     1.218260     0.000000    12.179508
 C     2.415217     0.000000    12.870943
 C     4.875768     0.000000    12.860100
 C     9.820326     0.000000    12.908741
 C     9.825576     0.000000    14.339089
 C     7.391728     0.000000    14.337572
 C    14.758026     0.000000    12.952984
 C    14.731603     0.000000    14.394690
 C    17.221688     0.000000    14.400606
 C    17.236385     0.000000    12.973623
 C    19.678829    -0.000002    14.397170
 C    22.217846    -0.000002    12.956440
 C    18.459836     0.000000    15.112942
 C    18.457302     0.000000    16.533204
 C    15.993828     0.000000    15.129826
 C    16.038265     0.000000    16.529899
 C    17.259649     0.000002    17.223520
 C    11.048236     0.000000    15.037997
 C     8.579772     0.000000    15.030340
