   300
    300     0     0     0      92303.523
C        0.0000000000        0.0000000000        0.0000000000
C        0.0000000000        0.0000000000        1.4493960000
C        2.4859940000        0.0000000000        0.0145790000
C        2.4796590000        0.0000000000        1.4381110000
C        4.9515920000        0.0000000000        1.4541170000
C        4.9593070000        0.0000000000        0.0281080000
C        7.4351590000        0.0000000000        0.0472940000
C        7.4249700000        0.0000000000        1.4746100000
C        9.8964120000        0.0000000000        1.4932010000
C        9.9073360000        0.0000000000        0.0674870000
C       12.3787570000        0.0000000000        0.0856900000
C       12.3675710000        0.0000000000        1.5131030000
C       14.8398130000        0.0000000000        1.5324770000
C       14.8509740000        0.0000000000        0.1050670000
C       17.3220390000        0.0000000000        0.1249930000
C       17.3110400000        0.0000000000        1.5507860000
C       19.7831970000        0.0000000000        1.5709360000
C       19.7933610000        0.0000000000        0.1435090000
C       22.2666890000        0.0000000000        0.1638850000
C       22.2588990000        0.0000000000        1.5899340000
C       24.7322450000        0.0000000000        1.6033600000
C       24.7386060000        0.0000000000        0.1797100000
C       27.2183930000        0.0000000000        0.1685000000
C       27.2184190000        0.0000000000        1.6181260000
C       13.7048230000        0.0000000000      -13.4361470000
C       12.4836890000        0.0000000000      -12.7762400000
C       12.4580210000        0.0000000000      -11.3345490000
C       13.6868940000        0.0000000000      -10.6073320000
C       13.6799120000        0.0000000000       -9.1785140000
C       12.4416110000        0.0000000000       -8.4776030000
C       12.4318540000        0.0000000000       -7.0478370000
C       13.6636820000        0.0000000000       -6.3251270000
C       13.6532760000        0.0000000000       -4.8987350000
C       12.4118060000        0.0000000000       -4.1954590000
C       12.4007160000        0.0000000000       -2.7676300000
C       13.6316130000        0.0000000000       -2.0446000000
C       13.5867860000        0.0000000000        3.6628020000
C       12.3448460000        0.0000000000        4.3665460000
C       12.3332560000        0.0000000000        5.7945530000
C       13.5647500000        0.0000000000        6.5169220000
C       13.5539450000        0.0000000000        7.9432710000
C       12.3120110000        0.0000000000        8.6452080000
B       12.3022350000        0.0000000000       10.0740780000
B       13.5369100000        0.0000000000       10.7966050000
B       13.5292780000        0.0000000000       12.2254930000
B       12.2850880000        0.0000000000       12.9181150000
C       12.2730140000        0.0000000000       14.3504030000
C       13.5102420000        0.0000000000       15.0541600000
C       25.9948580000        0.0000000000       -6.2303280000
C       26.0037510000        0.0000000000       -4.8069840000
C       23.5513160000        0.0000000000       -6.2599700000
C       23.5355640000        0.0000000000       -4.8319880000
C       21.0684710000        0.0000000000       -4.8460680000
C       21.0827860000        0.0000000000       -6.2750080000
C       18.6107590000        0.0000000000       -6.2920070000
C       18.5982250000        0.0000000000       -4.8615310000
C       16.1252460000        0.0000000000       -4.8795790000
C       16.1362640000        0.0000000000       -6.3078050000
C       11.1929970000        0.0000000000       -6.3461540000
C       11.1819820000        0.0000000000       -4.9186380000
C        8.7094940000        0.0000000000       -4.9374960000
C        8.7217340000        0.0000000000       -6.3658180000
C        6.2524980000        0.0000000000       -6.3759880000
C        6.2380540000        0.0000000000       -4.9540490000
C        3.7611130000        0.0000000000       -4.9665430000
C        3.7830310000        0.0000000000       -6.3902470000
C        1.3203200000        0.0000000000       -6.3969090000
C        1.2811050000        0.0000000000       -5.0094490000
C       25.9363680000        0.0000000000        6.6277770000
C       25.8971530000        0.0000000000        8.0151800000
C       23.4344260000        0.0000000000        8.0088620000
C       23.4564690000        0.0000000000        6.5851060000
C       20.9797060000        0.0000000000        6.5725690000
C       20.9649380000        0.0000000000        7.9946090000
C       18.4958460000        0.0000000000        7.9846110000
C       18.5082860000        0.0000000000        6.5562180000
C       16.0359960000        0.0000000000        6.5372370000
C       16.0247100000        0.0000000000        7.9647630000
C       11.0811410000        0.0000000000        7.9255130000
C       11.0926570000        0.0000000000        6.4973650000
C        8.6196440000        0.0000000000        6.4791500000
C        8.6066870000        0.0000000000        7.9095500000
C        6.1345420000        0.0000000000        7.8921180000
C        6.1492810000        0.0000000000        6.4632620000
C        3.6820850000        0.0000000000        6.4493530000
C        3.6660110000        0.0000000000        7.8771440000
C        1.2224070000        0.0000000000        7.8476720000
C        1.2136380000        0.0000000000        6.4243670000
C       21.0138930000        0.0000000000        2.2944250000
C       21.0020890000        0.0000000000        3.7182010000
C       22.2353170000        0.0000000000        4.4415280000
C       22.2226710000        0.0000000000        5.8643420000
C        6.1823960000        0.0000000000        2.1788560000
C        6.1741850000        0.0000000000        3.6045290000
C        4.9319760000        0.0000000000        4.3107190000
C        4.9232380000        0.0000000000        5.7411400000
C        4.9951040000        0.0000000000       -4.2460030000
C        4.9828120000        0.0000000000       -2.8232210000
C        3.7382140000        0.0000000000       -2.1212390000
C        3.7282850000        0.0000000000       -0.6924260000
C       19.8253530000        0.0000000000       -4.1395340000
C       19.8150070000        0.0000000000       -2.7112750000
C       18.5744070000        0.0000000000       -2.0070890000
C       18.5643150000        0.0000000000       -0.5793310000
C       20.9677030000       -0.0000020000       12.2754120000
C       19.7122350000       -0.0000020000       13.0006070000
C       19.7178220000        0.0000000000       10.1335830000
C       18.4817340000        0.0000000000       10.8400940000
C        8.7352890000        0.0000010000       -9.2209830000
C        7.4993230000        0.0000000000       -8.5145700000
C        7.5041640000        0.0000010000      -11.3811250000
C        6.2488980000        0.0000010000      -10.6561630000
C        7.3577360000        0.0000000000       10.0445630000
C        6.1126870000        0.0000000000       10.7519350000
C        7.3572800000        0.0000000000       12.9145140000
C        6.1016420000        0.0000000000       12.1902040000
C       19.8588890000        0.0000000000      -11.2983540000
C       21.1145320000        0.0000000000      -10.5736710000
C       18.6291490000        0.0000000000       -9.1446620000
C       19.8590800000        0.0000000000       -8.4275310000
C       28.4391780000        0.0000000000       -1.9485210000
C       28.4335170000        0.0000000000       -0.5732140000
C       25.9860350000        0.0000000000       -0.5336880000
C       25.9818480000        0.0000000000       -1.9615840000
C       23.5101960000        0.0000000000       -1.9695890000
C       23.5081760000        0.0000000000       -0.5409240000
C       21.0358740000        0.0000000000       -0.5609440000
C       21.0438580000        0.0000000000       -1.9867600000
C       16.1026290000        0.0000000000       -2.0261840000
C       16.0916000000        0.0000000000       -0.5985590000
C       13.6205330000        0.0000000000       -0.6184180000
C       11.1490850000        0.0000000000       -0.6369090000
C       11.1604140000        0.0000000000       -2.0642990000
C        8.6881180000        0.0000000000       -2.0827820000
C        8.6764140000        0.0000000000       -0.6560730000
C        6.2044730000        0.0000000000       -0.6761200000
C        6.2161910000        0.0000000000       -2.0998400000
C        1.2606200000        0.0000000000       -2.1302680000
C        1.2509330000        0.0000000000       -0.7096860000
C       -1.2038140000        0.0000000000       -2.1396250000
C       -1.1931590000        0.0000000000       -0.7262980000
C       -1.2152790000        0.0000000000        2.1906230000
C       -1.2212790000        0.0000000000        3.5658270000
C        1.2362200000        0.0000000000        3.5792520000
C        1.2322600000        0.0000000000        2.1514620000
C        3.7099180000        0.0000000000        2.1586260000
C        3.7077480000        0.0000000000        3.5872320000
C        8.6436890000        0.0000000000        3.6249170000
C        8.6539800000        0.0000000000        2.1972810000
C       11.1268490000        0.0000000000        2.2167000000
C       11.1155620000        0.0000000000        3.6442200000
C       13.5980660000        0.0000000000        2.2365120000
C       16.0578210000        0.0000000000        3.6826030000
C       16.0693880000        0.0000000000        2.2552250000
C       18.5419680000        0.0000000000        2.2743910000
C       18.5301400000        0.0000000000        3.7011840000
C       23.4799030000        0.0000000000        3.7393240000
C       23.4900010000        0.0000000000        2.3105430000
C       25.9673170000        0.0000000000        2.3278000000
C       25.9574950000        0.0000000000        3.7486250000
C       28.4221630000        0.0000000000        3.7583040000
C       28.4114820000        0.0000000000        2.3447870000
C       27.2115920000        0.0000000000       -4.0901910000
C       27.2176620000        0.0000000000       -2.6816820000
C       24.7518290000        0.0000000000       -2.6787520000
C       24.7575390000        0.0000000000       -4.1009960000
C       22.2944110000        0.0000000000       -4.1238770000
C       22.2859630000        0.0000000000       -2.6931950000
C       17.3447070000        0.0000000000       -2.7306000000
C       17.3563850000        0.0000000000       -4.1572520000
C       14.8848550000        0.0000000000       -4.1765190000
C       14.8733740000        0.0000000000       -2.7486400000
C        9.9293780000        0.0000000000       -2.7880170000
C        9.9408510000        0.0000000000       -4.2137490000
C        7.4707870000        0.0000000000       -4.2315930000
C        7.4580280000        0.0000000000       -2.8051230000
C        2.5088180000        0.0000000000       -2.8446280000
C        2.5167590000        0.0000000000       -4.2661890000
C        0.0137100000        0.0000000000       -4.2839700000
C        0.0318790000        0.0000000000       -2.8559280000
C       -2.4329210000        0.0000000000       -2.8510550000
C       -2.4325820000        0.0000000000       -4.2334040000
C       -1.2212730000        0.0000000000       -4.9449990000
C        0.0001930000        0.0000000000        4.2989240000
C        0.0058350000        0.0000000000        5.7075390000
C        2.4599170000        0.0000000000        5.7186960000
C        2.4660990000        0.0000000000        4.2962890000
C        7.4030920000        0.0000000000        4.3288720000
C        7.3925470000        0.0000000000        5.7570720000
C        9.8615330000        0.0000000000        5.7750980000
C        9.8733660000        0.0000000000        4.3484530000
C       14.8176130000        0.0000000000        4.3859670000
C       14.8062960000        0.0000000000        5.8137740000
C       17.2771470000        0.0000000000        5.8322030000
C       17.2888040000        0.0000000000        4.4064150000
C       19.7601100000        0.0000000000        4.4235530000
C       19.7469980000        0.0000000000        5.8501040000
C       24.7008240000        0.0000000000        5.8845410000
C       24.7091560000        0.0000000000        4.4629180000
C       27.1861200000        0.0000000000        4.4745100000
C       27.2038640000        0.0000000000        5.9024160000
C       29.6502950000        0.0000000000        5.8526150000
C       29.6510080000        0.0000000000        4.4701550000
C       28.4385920000        0.0000000000        6.5639460000
C        2.5651730000        0.0000000000       -8.5207120000
C        2.5484060000        0.0000000000       -7.1163070000
C        5.0174090000        0.0000000000       -7.0964450000
C        5.0232980000        0.0000000000       -8.5201360000
C        7.4906450000        0.0000000000       -7.0887580000
C        9.9689040000        0.0000000000       -8.4987000000
C        9.9603930000        0.0000000000       -7.0721590000
C       14.9053890000        0.0000000000       -7.0274230000
C       14.9146910000        0.0000000000       -8.4562510000
C       17.3900650000        0.0000000000       -8.4390760000
C       17.3794570000        0.0000000000       -7.0115220000
C       22.3241660000        0.0000000000       -6.9779760000
C       22.3294630000        0.0000000000       -8.4163270000
C       24.8182280000        0.0000000000       -8.4187690000
C       24.8128770000        0.0000000000       -6.9583150000
C       19.8503420000        0.0000000000       -6.9980780000
C       26.0083260000        0.0000000000       -9.1577560000
C       25.9979270000        0.0000000000      -10.5627880000
C       23.5700130000        0.0000000000      -10.5457920000
C       23.5725640000        0.0000000000       -9.1172930000
C       21.1039490000        0.0000000000       -9.1352260000
C       18.6347920000        0.0000000000      -10.5817380000
C       16.1597680000        0.0000000000      -10.5845560000
C       16.1536250000        0.0000000000       -9.1548270000
C       11.2113510000        0.0000010000       -9.2043690000
C       11.2229500000        0.0000010000      -10.6308400000
C        8.7445850000        0.0000010000      -10.6527850000
C        6.2575880000        0.0000010000       -9.2379160000
C        3.7817690000        0.0000000000       -9.2302170000
C        3.8050410000        0.0000000000      -10.6546350000
C        4.9988770000        0.0000010000      -11.3374390000
C        7.5368840000        0.0000010000      -12.7775660000
C        9.9799350000        0.0000010000      -11.3546480000
C        9.9941570000        0.0000010000      -12.7816000000
C       14.9307040000        0.0000000000      -11.3002100000
C       14.9417330000        0.0000000000      -12.7324420000
C       17.3891950000        0.0000000000      -12.7220120000
C       17.3954490000        0.0000000000      -11.2917460000
C       19.8235160000        0.0000000000      -12.7215730000
C       22.3405480000        0.0000000000      -11.2432950000
C       24.8009070000        0.0000000000      -11.2541240000
C       18.6343470000        0.0000000000      -13.4140160000
C       16.1660940000        0.0000000000      -13.4206130000
C       11.2217720000        0.0000010000      -13.5111130000
C        8.7555700000        0.0000010000      -13.4936450000
C        8.7572120000        0.0000020000      -14.9138100000
C       11.1767210000        0.0000010000      -14.9111830000
C        9.9545530000        0.0000020000      -15.6046420000
C        2.4043210000        0.0000000000        8.5754740000
C        2.3984590000        0.0000000000       10.0358770000
C        4.8871480000        0.0000000000       10.0331460000
C        4.8930380000        0.0000000000        8.5948990000
C        7.3668590000        0.0000000000        8.6151870000
C        9.8270370000        0.0000000000       10.0564460000
C        9.8379050000        0.0000000000        8.6289310000
C       14.7856680000        0.0000000000        8.6663220000
C       14.7754120000        0.0000000000       10.0960570000
C       17.2482440000        0.0000000000       10.1176830000
C       17.2571960000        0.0000000000        8.6910430000
C       19.7268490000        0.0000000000        8.7076450000
C       22.1999810000        0.0000000000        8.7152010000
C       22.1940260000        0.0000000000       10.1390310000
C       24.6522530000        0.0000000000       10.1392730000
C       24.6690930000        0.0000000000        8.7348890000
C       23.4357640000        0.0000000000       10.8489340000
C       23.4118770000        0.0000000000       12.2734690000
C       20.9596020000        0.0000000000       10.8569540000
C       18.4720630000        0.0000000000       12.2719480000
C       15.9935120000        0.0000000000       12.2496220000
C       16.0057060000        0.0000000000       10.8230710000
B       11.0562660000        0.0000000000       12.2021190000
B       11.0634620000        0.0000000000       10.7722600000
C        8.5876510000        0.0000000000       10.7615040000
C        8.5816140000        0.0000000000       12.1984420000
C        3.6462720000        0.0000000000       12.1626900000
C        3.6440350000        0.0000000000       10.7341870000
C        1.2081420000        0.0000000000       10.7744980000
C        1.2182600000        0.0000000000       12.1795080000
C        2.4152170000        0.0000000000       12.8709430000
C        4.8757680000        0.0000000000       12.8601000000
C        9.8203260000        0.0000000000       12.9087410000
C        9.8255760000        0.0000000000       14.3390890000
C        7.3917280000        0.0000000000       14.3375720000
C       14.7580260000        0.0000000000       12.9529840000
C       14.7316030000        0.0000000000       14.3946900000
C       17.2216880000        0.0000000000       14.4006060000
C       17.2363850000        0.0000000000       12.9736230000
C       19.6788290000       -0.0000020000       14.3971700000
C       22.2178460000       -0.0000020000       12.9564400000
C       18.4598360000        0.0000000000       15.1129420000
C       18.4573020000        0.0000000000       16.5332040000
C       15.9938280000        0.0000000000       15.1298260000
C       16.0382650000        0.0000000000       16.5298990000
C       17.2596490000        0.0000020000       17.2235200000
C       11.0482360000        0.0000000000       15.0379970000
C        8.5797720000        0.0000000000       15.0303400000
