   162
    162     0     0     0      11726.762
C        0.7649930000       -1.2027520000        0.0064790000
C       -0.7670180000        1.2042560000       -0.0064900000
C        0.8701350000       -3.6700690000        0.0186880000
C       -0.8720960000        3.6716190000       -0.0186990000
C        0.9750590000       -6.1361440000        0.0308910000
C       -0.9769390000        6.1377290000       -0.0309030000
C        1.0871350000       -8.6047860000        0.0431300000
C       -1.0890880000        8.6064800000       -0.0431220000
C        1.2172270000      -11.0568470000        0.0552870000
C       -1.2196650000       11.0587480000       -0.0552840000
C        1.4241690000        0.0623760000        0.0007480000
C       -1.4262360000       -0.0608130000       -0.0007590000
C        2.8484260000        0.1237870000        0.0015020000
C       -2.8504760000       -0.1218930000       -0.0015150000
C        5.6995970000        0.2486660000        0.0030010000
C       -5.7016940000       -0.2461790000       -0.0030190000
C        7.1274180000        0.3142520000        0.0037380000
C       -7.1295810000       -0.3110890000       -0.0037590000
C        9.9534170000        0.4483190000        0.0051770000
C       -9.9555320000       -0.4443160000       -0.0052000000
C       10.1848950000       -4.4722100000        0.0295500000
C      -10.1861030000        4.4765720000       -0.0295660000
C        1.6370020000       -4.8754810000        0.0251830000
C       -1.6387320000        4.8770740000       -0.0251930000
C        2.7423030000        2.5907490000       -0.0107050000
C       -2.7445690000       -2.5887910000        0.0106910000
C        3.0637380000       -4.8123280000        0.0259310000
C       -3.0653820000        4.8140010000       -0.0259440000
C        3.4027680000        3.8576010000       -0.0164440000
C       -3.4051770000       -3.8555490000        0.0164300000
C        4.7140520000        6.3808570000       -0.0278800000
C       -4.7168050000       -6.3783750000        0.0278120000
C        5.3767600000        7.6554060000       -0.0336550000
C       -5.3797220000       -7.6529380000        0.0335980000
C        5.9138380000       -4.6952900000        0.0274700000
C       -5.9153510000        4.6976310000       -0.0274860000
C        7.3502300000       -4.6234990000        0.0281850000
C       -7.3517450000        4.6265120000       -0.0282020000
C        0.3285920000        8.6794800000       -0.0424290000
C       -0.3307520000       -8.6776560000        0.0424300000
C        0.4481160000        6.2050260000       -0.0301780000
C       -0.4501900000       -6.2033140000        0.0301640000
C        0.5508600000        3.7338040000       -0.0179490000
C       -0.5529360000       -3.7321550000        0.0179380000
C        0.6581710000        1.2658330000       -0.0057350000
C       -0.6602330000       -1.2643080000        0.0057250000
C       -1.1110170000       -7.4695370000        0.0359000000
C        1.2123540000        4.9998800000       -0.0236840000
C       -2.5288360000       -7.5357890000        0.0351620000
C        2.6348370000        5.0616590000       -0.0229340000
C        5.0409280000       -1.0184920000        0.0087430000
C       -5.1492130000        3.4922100000       -0.0209910000
C        5.2624750000       -5.9563760000        0.0331920000
C        5.8018470000       -2.2220000000        0.0152240000
C       -5.8036460000        2.2244450000       -0.0152430000
C        6.0299490000       -7.1792960000        0.0397790000
C        7.0231560000        2.7754090000       -0.0084410000
C       -7.0257380000       -2.7723990000        0.0084210000
C        7.6792080000        4.0551870000       -0.0142450000
C       -7.6820520000       -4.0520230000        0.0141250000
C        8.9654840000        6.5856110000       -0.0257330000
C       -8.9689060000       -6.5820560000        0.0257530000
C        0.1876410000       11.1447000000       -0.0546630000
C       -0.1901770000      -11.1428100000        0.0546590000
C        0.8382310000       12.4103030000       -0.0604150000
C       -0.8411790000      -12.4083150000        0.0603920000
C        0.9784470000        9.9480400000       -0.0481890000
C       -0.9809430000       -9.9460660000        0.0481830000
C       10.0646120000       -2.0123660000        0.0173640000
C      -10.0665110000        2.0164330000       -0.0173810000
C      -10.3262600000        6.9356720000       -0.0417640000
C       10.3263360000       -6.9304380000        0.0417500000
C        1.1087120000        7.4713630000       -0.0359150000
C       11.1651120000        5.4788890000       -0.0186580000
C      -11.1684850000       -5.4748060000        0.0189180000
C       11.2917150000        3.0600540000       -0.0066700000
C      -11.2944540000       -3.0557190000        0.0070230000
C       11.9168380000        4.3202470000       -0.0124020000
C      -11.9197270000       -4.3158470000        0.0128240000
C       -1.2145490000       -4.9981870000        0.0236710000
C        1.3171690000        2.5299400000       -0.0114630000
C       -1.3193640000       -2.5283260000        0.0114510000
C        1.5302010000       -2.4055120000        0.0129600000
C       -1.5321270000        2.4070910000       -0.0129720000
C        1.7462940000       -7.3398930000        0.0373950000
C       -1.7480040000        7.3415310000       -0.0373930000
C        1.8712090000       -9.8113370000        0.0496490000
C       -1.8731220000        9.8130280000       -0.0496400000
C        2.2175140000       12.4820820000       -0.0597530000
C       -2.2204560000      -12.4796390000        0.0597080000
C        2.4050550000       10.0413430000       -0.0475970000
C       -2.4076130000      -10.0389550000        0.0475700000
C        2.5263900000        7.5379430000       -0.0351910000
C       -2.6371940000       -5.0596420000        0.0229190000
C        2.9559500000       -2.3435720000        0.0137130000
C       -2.9578240000        2.3453880000       -0.0137260000
C        2.9965780000       11.3106890000       -0.0534130000
C       -2.9993270000      -11.3081720000        0.0533640000
C        3.1663720000       -7.2726570000        0.0381170000
C        3.2016670000        8.8140460000       -0.0409630000
C       -3.2043520000       -8.8117710000        0.0409330000
C        3.2876900000       -9.7230330000        0.0502660000
C       -3.2894680000        9.7248970000       -0.0502610000
C        3.2920060000        6.3309880000       -0.0286890000
C       -3.2946050000       -6.3288670000        0.0286480000
C        3.5076680000        1.3894620000       -0.0042310000
C       -3.5099070000       -1.3874290000        0.0042180000
C        3.6135780000       -1.0800550000        0.0079880000
C       -3.6155150000        1.0819950000       -0.0080020000
C        3.7216470000       -3.5494880000        0.0202090000
C       -3.7233560000        3.5513650000       -0.0202230000
C        3.8343720000       -6.0161600000        0.0324280000
C        3.9388710000       -8.4839310000        0.0446510000
C        4.5891210000        8.8454440000       -0.0400890000
C       -4.5918930000       -8.8429800000        0.0400460000
C        4.8254470000        3.9149140000       -0.0156720000
C       -4.8279530000       -3.9124800000        0.0156540000
C        4.9348510000        1.4497350000       -0.0034710000
C       -4.9371350000       -1.4473800000        0.0034540000
C       -5.0429050000        1.0208600000       -0.0087600000
C        5.1475050000       -3.4899510000        0.0209730000
C        5.3633490000       -8.3966050000        0.0452780000
C        5.4822250000        5.1847030000       -0.0214290000
C       -5.4850310000       -5.1821470000        0.0213610000
C        5.5962050000        2.7142990000       -0.0091980000
C       -5.5987560000       -2.7117700000        0.0091800000
C        6.7753040000        7.7113240000       -0.0328930000
C       -6.7785280000       -7.7084580000        0.0328450000
C        6.9071620000        5.2465500000       -0.0206760000
C       -6.9100540000       -5.2435690000        0.0205570000
C        7.2299390000       -2.1558670000        0.0159600000
C       -7.2317750000        2.1589950000       -0.0159800000
C        7.4911230000       -7.1027940000        0.0404880000
C       -7.4915740000        7.1055480000       -0.0404980000
C        7.5599100000        6.5288340000       -0.0264970000
C       -7.5631890000       -6.5257730000        0.0264480000
C        7.7896480000        1.5809000000       -0.0019990000
C       -7.7920060000       -1.5776480000        0.0019770000
C        7.8816630000       -0.8924090000        0.0102310000
C       -7.8836850000        0.8956910000       -0.0102520000
C        7.9959580000       -3.3591010000        0.0224460000
C       -7.9976710000        3.3623120000       -0.0224640000
C        8.1238080000       -5.8206850000        0.0346490000
C       -8.1248740000        5.8240190000       -0.0346640000
C       -8.2937130000        8.2534040000       -0.0467380000
C        8.2947240000       -8.2496490000        0.0467310000
C        9.1027440000        4.1266190000       -0.0135410000
C       -9.1056590000       -4.1229740000        0.0134890000
C        9.2323780000        1.6341580000       -0.0011890000
C       -9.2347440000       -1.6303450000        0.0011660000
C        9.3168700000       -0.8289910000        0.0109840000
C       -9.3189010000        0.8329440000       -0.0110070000
C        9.4329100000       -3.2832540000        0.0231430000
C       -9.4346040000        3.2872390000       -0.0231610000
C        9.5556290000       -5.7340830000        0.0352890000
C       -9.5566890000        5.7383610000       -0.0353050000
C       -9.6975410000        8.1653820000       -0.0473460000
C        9.6987210000       -8.1607700000        0.0473380000
C        9.7436930000        5.4098040000       -0.0193730000
C       -9.7469680000       -5.4060470000        0.0193930000
C        9.8967340000        2.9377470000       -0.0071050000
C       -9.8993770000       -2.9338080000        0.0072240000
