36
HGF(1,0) 
C 0.00000000 1.42769700 0.00000000 
C 0.00000000 -1.42769700 0.00000000 
C 0.00000000 2.84817100 0.00000000 
C 0.00000000 -2.84817100 0.00000000 
C 1.23639400 0.71384700 0.00000000 
C 1.23639400 -0.71384700 0.00000000 
C -1.23639400 0.71384700 0.00000000 
C -1.23639400 -0.71384700 0.00000000 
C 1.24779400 3.53868900 0.00000000 
C 1.24779400 -3.53868900 0.00000000 
C -1.24779400 3.53868900 0.00000000 
C -1.24779400 -3.53868900 0.00000000 
H 1.24658000 4.63802100 0.00000000 
H 1.24658000 -4.63802100 0.00000000 
H -1.24658000 4.63802100 0.00000000 
H -1.24658000 -4.63802100 0.00000000 
C 2.46655800 1.42407100 0.00000000 
C 2.46655800 -1.42407100 0.00000000 
C -2.46655800 1.42407100 0.00000000 
C -2.46655800 -1.42407100 0.00000000 
C 2.44068200 2.84995300 0.00000000 
C 2.44068200 -2.84995300 0.00000000 
C -2.44068200 2.84995300 0.00000000 
C -2.44068200 -2.84995300 0.00000000 
H 3.39333200 3.39858600 0.00000000 
H 3.39333200 -3.39858600 0.00000000 
H -3.39333200 3.39858600 0.00000000 
H -3.39333200 -3.39858600 0.00000000 
C 3.68846400 0.68871400 0.00000000 
C 3.68846400 -0.68871400 0.00000000 
C -3.68846400 0.68871400 0.00000000 
C -3.68846400 -0.68871400 0.00000000 
H 4.63993000 1.23943000 0.00000000 
H 4.63993000 -1.23943000 0.00000000 
H -4.63993000 1.23943000 0.00000000 
H -4.63993000 -1.23943000 0.00000000 
