  312
 
 C     0.000000     0.000000     0.000000
 C     0.000000     0.000000     1.441064
 C     2.472844     0.000000     1.431914
 C     2.472844     0.000000     0.009112
 C     4.943987     0.000000     0.006395
 C     4.944012     0.000000     1.434569
 C     7.418844     0.000000     1.434483
 C     7.418794     0.000000     0.006012
 C     9.890900     0.000000     0.007177
 C     9.891124     0.000000     1.433587
 C    12.363201     0.000000     1.434277
 C    12.363151     0.000000     0.005884
 C    14.837201     0.000000     0.005798
 C    14.837251     0.000000     1.434196
 C    17.309501     0.000000     1.432901
 C    17.309501     0.000000     0.006914
 C    19.781463     0.000000     0.005490
 C    19.781512     0.000000     1.433896
 C    22.256444     0.000000     1.433724
 C    22.256469     0.000000     0.005578
 C    24.727559     0.000000     0.008252
 C    24.727584     0.000000     1.431053
 C    27.200424     0.000000     1.440159
 C    27.200399     0.000000    -0.000946
 C    13.600120     0.000000    -2.134561
 C    12.362898     0.000000    -2.848727
 C    12.363022     0.000000    -4.277235
 C    13.600027     0.000000    -4.991449
 C    13.599952     0.000000    -6.417558
 C    12.362335     0.000000    -7.131175
 C    12.361886     0.000000    -8.560799
 C    13.599788     0.000000    -9.274639
 C    13.599738     0.000000   -10.699993
 C    12.361077     0.000000   -11.412485
 C    12.360001     0.000000   -12.845645
 C    13.599561     0.000000   -13.554715
 C    13.599511     0.000000   -14.976807
 C    12.362922     0.000000   -15.675980
 C    13.600313     0.000000     3.574651
 C    12.363185     0.000000     4.289454
 C    12.363185     0.000000     5.718123
 C    13.600324     0.000000     6.432126
 C    13.600299     0.000000     7.858235
 C    12.362717     0.000000     8.571918
 C    12.362318     0.000000    10.001536
 C    13.600254     0.000000    10.715338
 C    13.600204     0.000000    12.140692
 C    12.361597     0.000000    12.853239
 C    12.360547     0.000000    14.286401
 C    13.600139     0.000000    14.995403
 C    13.600089     0.000000    16.417495
 C    12.363530     0.000000    17.116679
 C     4.932149     0.000000   -11.379422
 C     6.175520     0.000000   -10.697567
 C     6.177628     0.000000    -9.276266
 C     4.939471     0.000000    -8.561790
 C     4.943022     0.000000    -7.129028
 C     6.181630     0.000000    -6.416653
 C     6.181754     0.000000    -4.991938
 C     4.944652     0.000000    -4.276717
 C     4.943854     0.000000    -2.847732
 C     6.182156     0.000000    -2.133288
 C     4.932682     0.000000    12.820435
 C     6.176115     0.000000    12.138631
 C     6.178174     0.000000    10.717329
 C     4.939946     0.000000    10.002957
 C     4.943122     0.000000     8.570348
 C     6.181689     0.000000     7.857910
 C     6.181863     0.000000     6.433108
 C     4.944739     0.000000     5.717904
 C     4.943941     0.000000     4.288918
 C     6.182226     0.000000     3.574455
 C    21.024792     0.000000    12.137711
 C    19.776797     0.000000    12.858300
 C    21.022709     0.000000    10.716408
 C    19.780382     0.000000    10.000797
 C    19.781030     0.000000     8.572596
 C    21.018698     0.000000     7.856933
 C    21.018623     0.000000     6.432219
 C    19.780720     0.000000     5.717083
 C    19.781468     0.000000     4.288497
 C    21.018271     0.000000     3.573565
 C    19.775846     0.000000   -11.418744
 C    21.023958     0.000000   -10.698292
 C    21.021899     0.000000    -9.276990
 C    19.779642     0.000000    -8.561275
 C    19.780464     0.000000    -7.133103
 C    21.018552     0.000000    -6.417572
 C    21.018477     0.000000    -4.992864
 C    19.780622     0.000000    -4.277698
 C    19.781370     0.000000    -2.849116
 C    21.018212     0.000000    -2.134219
 C    28.417573     0.000000    -6.407716
 C    28.419661     0.000000    -5.032391
 C    25.968068     0.000000    -4.989641
 C    25.962236     0.000000    -6.417770
 C    23.487744     0.000000    -6.419382
 C    23.489989     0.000000    -4.990418
 C    17.310263     0.000000    -8.559034
 C    17.309641     0.000000    -7.133762
 C    14.837460     0.000000    -7.131285
 C    14.837773     0.000000    -8.560925
 C     9.889353     0.000000    -8.558685
 C     9.890125     0.000000    -7.133414
 C     7.419335     0.000000    -7.132481
 C     7.419968     0.000000    -8.560676
 C     2.473852     0.000000    -4.272922
 C     2.473703     0.000000    -2.851800
 C    -0.001348     0.000000    -2.848776
 C    -0.004064     0.000000    -4.289364
 C    -0.001293     0.000000     4.290102
 C    -0.003782     0.000000     5.730737
 C     2.473969     0.000000     5.714195
 C     2.473796     0.000000     4.293073
 C     9.890521     0.000000     8.574292
 C     9.889725     0.000000     9.999563
 C     7.420457     0.000000    10.001657
 C     7.419759     0.000000     8.573458
 C    14.837850     0.000000     8.571959
 C    14.838206     0.000000    10.001585
 C    17.311764     0.000000     9.998772
 C    17.310272     0.000000     8.573502
 C    23.490144     0.000000     6.429674
 C    23.487924     0.000000     7.858648
 C    25.962405     0.000000     7.857050
 C    25.968212     0.000000     6.429000
 C    28.419770     0.000000     6.471535
 C    28.417802     0.000000     7.846846
 C     9.890099     0.000000   -12.843921
 C     9.891167     0.000000   -11.420987
 C    17.308205     0.000000   -11.421371
 C    17.309173     0.000000   -12.844311
 C    23.459775     0.000000   -10.692552
 C    23.491919     0.000000    -9.274989
 C     0.005992     0.000000    -7.127618
 C     0.018612     0.000000    -8.548124
 C    -1.212238     0.000000     2.176928
 C    -1.212919     0.000000     3.553566
 C     7.419041     0.000000     4.289394
 C     7.419740     0.000000     5.717977
 C    14.837508     0.000000     5.717492
 C    14.837506     0.000000     4.288829
 C    17.309726     0.000000     4.290007
 C    17.309602     0.000000     5.715994
 C    22.255740     0.000000     5.717019
 C    23.490444     0.000000     3.575773
 C    22.256567     0.000000     4.288038
 C    24.726543     0.000000     5.713304
 C    24.726724     0.000000     4.292189
 C    27.201781     0.000000     4.289206
 C    27.204277     0.000000     5.729839
 C    28.413367     0.000000     3.552659
 C    28.412672     0.000000     2.175943
 C    25.968537     0.000000     2.149041
 C    25.968961     0.000000     3.578560
 C    18.546421     0.000000     3.575443
 C    18.546409     0.000000     2.147041
 C    16.072409     0.000000     2.147257
 C    16.072414     0.000000     3.575798
 C    11.128256     0.000000     3.576439
 C    11.128232     0.000000     2.147901
 C     8.653862     0.000000     2.147907
 C     8.654095     0.000000     3.576364
 C     3.710058     0.000000     3.576639
 C     3.709384     0.000000     2.146668
 C     1.231911     0.000000     2.149928
 C     1.231482     0.000000     3.579477
 C     0.019334     0.000000     9.989443
 C     0.006640     0.000000     8.568971
 C     2.471882     0.000000     8.576930
 C     2.459266     0.000000     9.996990
 C    22.260899     0.000000    10.001999
 C    22.257298     0.000000     8.569361
 C    24.728592     0.000000     8.576070
 C    24.741133     0.000000     9.996135
 C    27.181267     0.000000     9.988597
 C    27.193986     0.000000     8.568093
 C    23.492724     0.000000    10.714284
 C    23.460679     0.000000    12.131854
 C    18.546905     0.000000    12.145930
 C    18.548232     0.000000    10.712236
 C    16.071982     0.000000    10.714049
 C    16.069613     0.000000    12.142906
 C    11.130796     0.000000    12.142807
 C    11.128527     0.000000    10.713951
 C     8.652501     0.000000    10.713011
 C     8.653952     0.000000    12.146704
 C     3.740154     0.000000    12.132677
 C     3.708138     0.000000    10.715292
 C    -1.219239     0.000000     6.472451
 C    -1.217246     0.000000     7.847775
 C     1.238157     0.000000     7.857905
 C     1.232333     0.000000     6.429840
 C     3.710354     0.000000     6.430576
 C     3.712545     0.000000     7.859531
 C     8.653736     0.000000     7.860147
 C     8.653728     0.000000     6.430708
 C    11.128173     0.000000     6.430957
 C    11.128508     0.000000     7.859626
 C    16.072089     0.000000     7.859644
 C    16.072530     0.000000     6.430247
 C    18.546712     0.000000     6.429779
 C    18.547061     0.000000     7.859412
 C    28.413296     0.000000    -2.113395
 C    28.412621     0.000000    -0.736743
 C    25.968480     0.000000    -0.709783
 C    25.968904     0.000000    -2.139305
 C    23.490509     0.000000    -2.136415
 C    23.491121     0.000000    -0.706441
 C    18.546575     0.000000    -0.707587
 C    18.546341     0.000000    -2.136043
 C    16.072157     0.000000    -2.136071
 C    16.072307     0.000000    -0.707345
 C    11.127992     0.000000    -0.707178
 C    11.127990     0.000000    -2.135696
 C     8.653829     0.000000    -2.135488
 C     8.653623     0.000000    -0.707133
 C     3.709345     0.000000    -0.705588
 C     3.709996     0.000000    -2.135406
 C     1.231474     0.000000    -2.138210
 C     1.231923     0.000000    -0.708690
 C    -1.212247     0.000000    -0.735783
 C    -1.212920     0.000000    -2.112420
 C    -1.219396     0.000000    -5.031060
 C    -1.217452     0.000000    -6.406372
 C     1.237637     0.000000    -6.416678
 C     1.231954     0.000000    -4.988603
 C     3.710233     0.000000    -4.989339
 C     3.712428     0.000000    -6.418269
 C     8.653361     0.000000    -6.419282
 C     8.653361     0.000000    -4.989811
 C    11.127833     0.000000    -4.990200
 C    11.128182     0.000000    -6.418812
 C    16.071704     0.000000    -6.419010
 C    16.072152     0.000000    -4.990600
 C    18.546603     0.000000    -4.990361
 C    18.546503     0.000000    -6.419830
 C    27.180989     0.000000    -8.549368
 C    27.193732     0.000000    -7.128871
 C    24.728355     0.000000    -7.136731
 C    24.740837     0.000000    -8.556792
 C    22.260144     0.000000    -8.562608
 C    22.257121     0.000000    -7.130128
 C     2.458750     0.000000    -8.555875
 C     2.471390     0.000000    -7.135810
 C    18.546018     0.000000   -10.706296
 C    18.547419     0.000000    -9.272651
 C    16.071513     0.000000    -9.273426
 C    16.069142     0.000000   -10.702294
 C    11.130306     0.000000   -10.702018
 C    11.128060     0.000000    -9.273177
 C     8.652105     0.000000    -9.272137
 C     8.653432     0.000000   -10.705825
 C     7.454554     0.000000   -12.835845
 C     7.423502     0.000000   -11.418177
 C    14.838300     0.000000   -11.412654
 C    14.839243     0.000000   -12.845816
 C    16.028059     0.000000   -14.990243
 C    16.062699     0.000000   -13.566753
 C    11.136409     0.000000   -13.566454
 C     3.739654     0.000000   -10.691628
 C     3.707549     0.000000    -9.274111
 C     7.419683     0.000000    -4.276845
 C     7.418735     0.000000    -2.848486
 C     9.890699     0.000000    -2.849960
 C     9.890786     0.000000    -4.275904
 C    14.837172     0.000000    -4.277698
 C    14.837216     0.000000    -2.849065
 C    17.309415     0.000000    -2.850412
 C    17.309241     0.000000    -4.276395
 C    22.255629     0.000000    -4.277702
 C    22.256477     0.000000    -2.848717
 C    24.726626     0.000000    -2.852839
 C    24.726422     0.000000    -4.274058
 C    27.204179     0.000000    -4.290545
 C    27.201691     0.000000    -2.849908
 C     9.890995     0.000000     4.290777
 C     9.891120     0.000000     5.716760
 C     7.424100     0.000000    12.859108
 C     7.455183     0.000000    14.276837
 C     9.890723     0.000000    14.284787
 C     9.891740     0.000000    12.861832
 C    14.838800     0.000000    12.853287
 C    14.839750     0.000000    14.286448
 C    17.309644     0.000000    14.284896
 C    17.308689     0.000000    12.861982
 C    16.028641     0.000000    16.430847
 C    16.063277     0.000000    15.007345
 C    11.137012     0.000000    15.007262
 C    11.171553     0.000000    16.430764
 C     1.209442     0.000000    10.678769
 C     6.181932     0.000000    -0.708275
 C     6.181977     0.000000     2.149427
 C    13.600253     0.000000     2.148435
 C    13.600150     0.000000    -0.708355
 C    21.018476     0.000000    -0.709208
 C    21.018519     0.000000     2.148498
 C    23.491118     0.000000     2.145803
 C    25.990858     0.000000    -9.238653
 C     8.646371     0.000000   -13.524829
 C     1.208618     0.000000    -9.237554
 C    14.836607     0.000000    17.116773
 C     8.647048     0.000000    14.965739
 C    25.991212     0.000000    10.677949
 C    22.267198     0.000000   -11.380187
 C    19.745739     0.000000    14.276021
 C    18.552819     0.000000   -13.525328
 C    22.268152     0.000000    12.819587
 C    14.835985     0.000000   -15.676114
 C    18.553318     0.000000    14.965916
 C    11.170933     0.000000   -14.989975
 C    19.744713     0.000000   -12.836471
