   312
    312     0     0     0      99038.230
B        0.0000000000        0.0000000000        0.0000000000
C        0.0000000000        0.0000000000        1.4410640000
C        2.4728440000        0.0000000000        1.4319140000
C        2.4728440000        0.0000000000        0.0091120000
C        4.9439870000        0.0000000000        0.0063950000
C        4.9440120000        0.0000000000        1.4345690000
C        7.4188440000        0.0000000000        1.4344830000
C        7.4187940000        0.0000000000        0.0060120000
C        9.8909000000        0.0000000000        0.0071770000
C        9.8911240000        0.0000000000        1.4335870000
C       12.3632010000        0.0000000000        1.4342770000
C       12.3631510000        0.0000000000        0.0058840000
C       14.8372010000        0.0000000000        0.0057980000
C       14.8372510000        0.0000000000        1.4341960000
C       17.3095010000        0.0000000000        1.4329010000
C       17.3095010000        0.0000000000        0.0069140000
C       19.7814630000        0.0000000000        0.0054900000
C       19.7815120000        0.0000000000        1.4338960000
C       22.2564440000        0.0000000000        1.4337240000
C       22.2564690000        0.0000000000        0.0055780000
C       24.7275590000        0.0000000000        0.0082520000
C       24.7275840000        0.0000000000        1.4310530000
C       27.2004240000        0.0000000000        1.4401590000
C       27.2003990000        0.0000000000       -0.0009460000
C       13.6001200000        0.0000000000       -2.1345610000
C       12.3628980000        0.0000000000       -2.8487270000
C       12.3630220000        0.0000000000       -4.2772350000
C       13.6000270000        0.0000000000       -4.9914490000
C       13.5999520000        0.0000000000       -6.4175580000
C       12.3623350000        0.0000000000       -7.1311750000
C       12.3618860000        0.0000000000       -8.5607990000
C       13.5997880000        0.0000000000       -9.2746390000
C       13.5997380000        0.0000000000      -10.6999930000
C       12.3610770000        0.0000000000      -11.4124850000
C       12.3600010000        0.0000000000      -12.8456450000
C       13.5995610000        0.0000000000      -13.5547150000
C       13.5995110000        0.0000000000      -14.9768070000
C       12.3629220000        0.0000000000      -15.6759800000
C       13.6003130000        0.0000000000        3.5746510000
C       12.3631850000        0.0000000000        4.2894540000
C       12.3631850000        0.0000000000        5.7181230000
C       13.6003240000        0.0000000000        6.4321260000
C       13.6002990000        0.0000000000        7.8582350000
C       12.3627170000        0.0000000000        8.5719180000
C       12.3623180000        0.0000000000       10.0015360000
C       13.6002540000        0.0000000000       10.7153380000
C       13.6002040000        0.0000000000       12.1406920000
C       12.3615970000        0.0000000000       12.8532390000
C       12.3605470000        0.0000000000       14.2864010000
C       13.6001390000        0.0000000000       14.9954030000
C       13.6000890000        0.0000000000       16.4174950000
C       12.3635300000        0.0000000000       17.1166790000
C        4.9321490000        0.0000000000      -11.3794220000
C        6.1755200000        0.0000000000      -10.6975670000
C        6.1776280000        0.0000000000       -9.2762660000
C        4.9394710000        0.0000000000       -8.5617900000
C        4.9430220000        0.0000000000       -7.1290280000
C        6.1816300000        0.0000000000       -6.4166530000
C        6.1817540000        0.0000000000       -4.9919380000
C        4.9446520000        0.0000000000       -4.2767170000
C        4.9438540000        0.0000000000       -2.8477320000
C        6.1821560000        0.0000000000       -2.1332880000
C        4.9326820000        0.0000000000       12.8204350000
C        6.1761150000        0.0000000000       12.1386310000
C        6.1781740000        0.0000000000       10.7173290000
C        4.9399460000        0.0000000000       10.0029570000
C        4.9431220000        0.0000000000        8.5703480000
C        6.1816890000        0.0000000000        7.8579100000
C        6.1818630000        0.0000000000        6.4331080000
C        4.9447390000        0.0000000000        5.7179040000
C        4.9439410000        0.0000000000        4.2889180000
C        6.1822260000        0.0000000000        3.5744550000
C       21.0247920000        0.0000000000       12.1377110000
C       19.7767970000        0.0000000000       12.8583000000
C       21.0227090000        0.0000000000       10.7164080000
C       19.7803820000        0.0000000000       10.0007970000
C       19.7810300000        0.0000000000        8.5725960000
C       21.0186980000        0.0000000000        7.8569330000
C       21.0186230000        0.0000000000        6.4322190000
C       19.7807200000        0.0000000000        5.7170830000
C       19.7814680000        0.0000000000        4.2884970000
C       21.0182710000        0.0000000000        3.5735650000
C       19.7758460000        0.0000000000      -11.4187440000
C       21.0239580000        0.0000000000      -10.6982920000
C       21.0218990000        0.0000000000       -9.2769900000
C       19.7796420000        0.0000000000       -8.5612750000
C       19.7804640000        0.0000000000       -7.1331030000
C       21.0185520000        0.0000000000       -6.4175720000
C       21.0184770000        0.0000000000       -4.9928640000
C       19.7806220000        0.0000000000       -4.2776980000
C       19.7813700000        0.0000000000       -2.8491160000
C       21.0182120000        0.0000000000       -2.1342190000
C       28.4175730000        0.0000000000       -6.4077160000
C       28.4196610000        0.0000000000       -5.0323910000
C       25.9680680000        0.0000000000       -4.9896410000
C       25.9622360000        0.0000000000       -6.4177700000
C       23.4877440000        0.0000000000       -6.4193820000
C       23.4899890000        0.0000000000       -4.9904180000
C       17.3102630000        0.0000000000       -8.5590340000
C       17.3096410000        0.0000000000       -7.1337620000
C       14.8374600000        0.0000000000       -7.1312850000
C       14.8377730000        0.0000000000       -8.5609250000
C        9.8893530000        0.0000000000       -8.5586850000
C        9.8901250000        0.0000000000       -7.1334140000
C        7.4193350000        0.0000000000       -7.1324810000
C        7.4199680000        0.0000000000       -8.5606760000
C        2.4738520000        0.0000000000       -4.2729220000
C        2.4737030000        0.0000000000       -2.8518000000
B       -0.0013480000        0.0000000000       -2.8487760000
C       -0.0040640000        0.0000000000       -4.2893640000
C       -0.0012930000        0.0000000000        4.2901020000
C       -0.0037820000        0.0000000000        5.7307370000
C        2.4739690000        0.0000000000        5.7141950000
C        2.4737960000        0.0000000000        4.2930730000
C        9.8905210000        0.0000000000        8.5742920000
C        9.8897250000        0.0000000000        9.9995630000
C        7.4204570000        0.0000000000       10.0016570000
C        7.4197590000        0.0000000000        8.5734580000
C       14.8378500000        0.0000000000        8.5719590000
C       14.8382060000        0.0000000000       10.0015850000
C       17.3117640000        0.0000000000        9.9987720000
C       17.3102720000        0.0000000000        8.5735020000
C       23.4901440000        0.0000000000        6.4296740000
C       23.4879240000        0.0000000000        7.8586480000
C       25.9624050000        0.0000000000        7.8570500000
C       25.9682120000        0.0000000000        6.4290000000
C       28.4197700000        0.0000000000        6.4715350000
C       28.4178020000        0.0000000000        7.8468460000
C        9.8900990000        0.0000000000      -12.8439210000
C        9.8911670000        0.0000000000      -11.4209870000
C       17.3082050000        0.0000000000      -11.4213710000
C       17.3091730000        0.0000000000      -12.8443110000
C       23.4597750000        0.0000000000      -10.6925520000
C       23.4919190000        0.0000000000       -9.2749890000
C        0.0059920000        0.0000000000       -7.1276180000
C        0.0186120000        0.0000000000       -8.5481240000
C       -1.2122380000        0.0000000000        2.1769280000
C       -1.2129190000        0.0000000000        3.5535660000
C        7.4190410000        0.0000000000        4.2893940000
C        7.4197400000        0.0000000000        5.7179770000
C       14.8375080000        0.0000000000        5.7174920000
C       14.8375060000        0.0000000000        4.2888290000
C       17.3097260000        0.0000000000        4.2900070000
C       17.3096020000        0.0000000000        5.7159940000
C       22.2557400000        0.0000000000        5.7170190000
C       23.4904440000        0.0000000000        3.5757730000
C       22.2565670000        0.0000000000        4.2880380000
C       24.7265430000        0.0000000000        5.7133040000
C       24.7267240000        0.0000000000        4.2921890000
C       27.2017810000        0.0000000000        4.2892060000
C       27.2042770000        0.0000000000        5.7298390000
C       28.4133670000        0.0000000000        3.5526590000
C       28.4126720000        0.0000000000        2.1759430000
C       25.9685370000        0.0000000000        2.1490410000
C       25.9689610000        0.0000000000        3.5785600000
C       18.5464210000        0.0000000000        3.5754430000
C       18.5464090000        0.0000000000        2.1470410000
C       16.0724090000        0.0000000000        2.1472570000
C       16.0724140000        0.0000000000        3.5757980000
C       11.1282560000        0.0000000000        3.5764390000
C       11.1282320000        0.0000000000        2.1479010000
C        8.6538620000        0.0000000000        2.1479070000
C        8.6540950000        0.0000000000        3.5763640000
C        3.7100580000        0.0000000000        3.5766390000
C        3.7093840000        0.0000000000        2.1466680000
C        1.2319110000        0.0000000000        2.1499280000
C        1.2314820000        0.0000000000        3.5794770000
C        0.0193340000        0.0000000000        9.9894430000
C        0.0066400000        0.0000000000        8.5689710000
C        2.4718820000        0.0000000000        8.5769300000
C        2.4592660000        0.0000000000        9.9969900000
C       22.2608990000        0.0000000000       10.0019990000
C       22.2572980000        0.0000000000        8.5693610000
C       24.7285920000        0.0000000000        8.5760700000
C       24.7411330000        0.0000000000        9.9961350000
C       27.1812670000        0.0000000000        9.9885970000
C       27.1939860000        0.0000000000        8.5680930000
C       23.4927240000        0.0000000000       10.7142840000
C       23.4606790000        0.0000000000       12.1318540000
C       18.5469050000        0.0000000000       12.1459300000
C       18.5482320000        0.0000000000       10.7122360000
C       16.0719820000        0.0000000000       10.7140490000
C       16.0696130000        0.0000000000       12.1429060000
C       11.1307960000        0.0000000000       12.1428070000
C       11.1285270000        0.0000000000       10.7139510000
C        8.6525010000        0.0000000000       10.7130110000
C        8.6539520000        0.0000000000       12.1467040000
C        3.7401540000        0.0000000000       12.1326770000
C        3.7081380000        0.0000000000       10.7152920000
C       -1.2192390000        0.0000000000        6.4724510000
C       -1.2172460000        0.0000000000        7.8477750000
C        1.2381570000        0.0000000000        7.8579050000
C        1.2323330000        0.0000000000        6.4298400000
C        3.7103540000        0.0000000000        6.4305760000
C        3.7125450000        0.0000000000        7.8595310000
C        8.6537360000        0.0000000000        7.8601470000
C        8.6537280000        0.0000000000        6.4307080000
C       11.1281730000        0.0000000000        6.4309570000
C       11.1285080000        0.0000000000        7.8596260000
C       16.0720890000        0.0000000000        7.8596440000
C       16.0725300000        0.0000000000        6.4302470000
C       18.5467120000        0.0000000000        6.4297790000
C       18.5470610000        0.0000000000        7.8594120000
C       28.4132960000        0.0000000000       -2.1133950000
C       28.4126210000        0.0000000000       -0.7367430000
C       25.9684800000        0.0000000000       -0.7097830000
C       25.9689040000        0.0000000000       -2.1393050000
C       23.4905090000        0.0000000000       -2.1364150000
C       23.4911210000        0.0000000000       -0.7064410000
C       18.5465750000        0.0000000000       -0.7075870000
C       18.5463410000        0.0000000000       -2.1360430000
C       16.0721570000        0.0000000000       -2.1360710000
C       16.0723070000        0.0000000000       -0.7073450000
C       11.1279920000        0.0000000000       -0.7071780000
C       11.1279900000        0.0000000000       -2.1356960000
C        8.6538290000        0.0000000000       -2.1354880000
C        8.6536230000        0.0000000000       -0.7071330000
C        3.7093450000        0.0000000000       -0.7055880000
C        3.7099960000        0.0000000000       -2.1354060000
B        1.2314740000        0.0000000000       -2.1382100000
B        1.2319230000        0.0000000000       -0.7086900000
B       -1.2122470000        0.0000000000       -0.7357830000
B       -1.2129200000        0.0000000000       -2.1124200000
C       -1.2193960000        0.0000000000       -5.0310600000
C       -1.2174520000        0.0000000000       -6.4063720000
C        1.2376370000        0.0000000000       -6.4166780000
C        1.2319540000        0.0000000000       -4.9886030000
C        3.7102330000        0.0000000000       -4.9893390000
C        3.7124280000        0.0000000000       -6.4182690000
C        8.6533610000        0.0000000000       -6.4192820000
C        8.6533610000        0.0000000000       -4.9898110000
C       11.1278330000        0.0000000000       -4.9902000000
C       11.1281820000        0.0000000000       -6.4188120000
C       16.0717040000        0.0000000000       -6.4190100000
C       16.0721520000        0.0000000000       -4.9906000000
C       18.5466030000        0.0000000000       -4.9903610000
C       18.5465030000        0.0000000000       -6.4198300000
C       27.1809890000        0.0000000000       -8.5493680000
C       27.1937320000        0.0000000000       -7.1288710000
C       24.7283550000        0.0000000000       -7.1367310000
C       24.7408370000        0.0000000000       -8.5567920000
C       22.2601440000        0.0000000000       -8.5626080000
C       22.2571210000        0.0000000000       -7.1301280000
C        2.4587500000        0.0000000000       -8.5558750000
C        2.4713900000        0.0000000000       -7.1358100000
C       18.5460180000        0.0000000000      -10.7062960000
C       18.5474190000        0.0000000000       -9.2726510000
C       16.0715130000        0.0000000000       -9.2734260000
C       16.0691420000        0.0000000000      -10.7022940000
C       11.1303060000        0.0000000000      -10.7020180000
C       11.1280600000        0.0000000000       -9.2731770000
C        8.6521050000        0.0000000000       -9.2721370000
C        8.6534320000        0.0000000000      -10.7058250000
C        7.4545540000        0.0000000000      -12.8358450000
C        7.4235020000        0.0000000000      -11.4181770000
C       14.8383000000        0.0000000000      -11.4126540000
C       14.8392430000        0.0000000000      -12.8458160000
C       16.0280590000        0.0000000000      -14.9902430000
C       16.0626990000        0.0000000000      -13.5667530000
C       11.1364090000        0.0000000000      -13.5664540000
C        3.7396540000        0.0000000000      -10.6916280000
C        3.7075490000        0.0000000000       -9.2741110000
C        7.4196830000        0.0000000000       -4.2768450000
C        7.4187350000        0.0000000000       -2.8484860000
C        9.8906990000        0.0000000000       -2.8499600000
C        9.8907860000        0.0000000000       -4.2759040000
C       14.8371720000        0.0000000000       -4.2776980000
C       14.8372160000        0.0000000000       -2.8490650000
C       17.3094150000        0.0000000000       -2.8504120000
C       17.3092410000        0.0000000000       -4.2763950000
C       22.2556290000        0.0000000000       -4.2777020000
C       22.2564770000        0.0000000000       -2.8487170000
C       24.7266260000        0.0000000000       -2.8528390000
C       24.7264220000        0.0000000000       -4.2740580000
C       27.2041790000        0.0000000000       -4.2905450000
C       27.2016910000        0.0000000000       -2.8499080000
C        9.8909950000        0.0000000000        4.2907770000
C        9.8911200000        0.0000000000        5.7167600000
C        7.4241000000        0.0000000000       12.8591080000
C        7.4551830000        0.0000000000       14.2768370000
C        9.8907230000        0.0000000000       14.2847870000
C        9.8917400000        0.0000000000       12.8618320000
C       14.8388000000        0.0000000000       12.8532870000
C       14.8397500000        0.0000000000       14.2864480000
C       17.3096440000        0.0000000000       14.2848960000
C       17.3086890000        0.0000000000       12.8619820000
C       16.0286410000        0.0000000000       16.4308470000
C       16.0632770000        0.0000000000       15.0073450000
C       11.1370120000        0.0000000000       15.0072620000
C       11.1715530000        0.0000000000       16.4307640000
C        1.2094420000        0.0000000000       10.6787690000
C        6.1819320000        0.0000000000       -0.7082750000
C        6.1819770000        0.0000000000        2.1494270000
C       13.6002530000        0.0000000000        2.1484350000
C       13.6001500000        0.0000000000       -0.7083550000
C       21.0184760000        0.0000000000       -0.7092080000
C       21.0185190000        0.0000000000        2.1484980000
C       23.4911180000        0.0000000000        2.1458030000
C       25.9908580000        0.0000000000       -9.2386530000
C        8.6463710000        0.0000000000      -13.5248290000
C        1.2086180000        0.0000000000       -9.2375540000
C       14.8366070000        0.0000000000       17.1167730000
C        8.6470480000        0.0000000000       14.9657390000
C       25.9912120000        0.0000000000       10.6779490000
C       22.2671980000        0.0000000000      -11.3801870000
C       19.7457390000        0.0000000000       14.2760210000
C       18.5528190000        0.0000000000      -13.5253280000
C       22.2681520000        0.0000000000       12.8195870000
C       14.8359850000        0.0000000000      -15.6761140000
C       18.5533180000        0.0000000000       14.9659160000
C       11.1709330000        0.0000000000      -14.9899750000
C       19.7447130000        0.0000000000      -12.8364710000
