  174

 C     0.000000     1.428737     0.000000
 C     0.000000    -1.428739     0.000000
 C     0.000000    -2.854405     0.000000
 C     0.000000    -5.712107     0.000000
 C     0.000001     2.854404     0.000000
 C    -0.000001    -7.137238     0.000000
 C    -0.000194     9.990833     0.000000
 C    -0.000571    11.412752     0.000000
 C     0.000848     7.135638     0.000000
 C     0.001793     5.710507     0.000000
 C    11.105195     0.688205     0.000000
 C   -11.110053     0.693978     0.000000
 C     1.237315     0.714361     0.000000
 C    -1.237315     0.714361     0.000000
 C     3.709156     0.712470     0.000000
 C    -3.709158     0.712468     0.000000
 C     6.181297     0.714872     0.000000
 C    -6.181347     0.714877     0.000000
 C     8.661368     0.715145     0.000000
 C    -8.666506     0.737577     0.000000
 C    -2.469771     5.707434     0.000000
 C     2.471752     5.711020     0.000000
 C    -4.945971     5.703296     0.000000
 C     4.946781    -2.856058     0.000000
 C    -4.946806    -2.856045     0.000000
 C     4.947354    -1.427026     0.000000
 C    -4.947354    -1.427029     0.000000
 C    -4.947769    -5.709853     0.000000
 C     4.947769    -5.709861     0.000000
 C     4.947930     5.710031     0.000000
 C     4.950043    -7.143465     0.000000
 C    -4.950047    -7.143455     0.000000
 C     4.956575    -9.961558     0.000000
 C    -4.956576    -9.961553     0.000000
 C     7.419318     5.715502     0.000000
 C    -7.428397     5.720264     0.000000
 C     9.871598     7.127535     0.000000
 C    -9.875512     7.141388     0.000000
 C     1.237315    -0.714363     0.000000
 C    -1.237315    -0.714363     0.000000
 C    -2.470128     7.136588     0.000000
 C     2.471285     7.140173     0.000000
 C    -2.471565    -5.710672     0.000000
 C     2.471565    -5.710674     0.000000
 C     3.709157    -0.712466     0.000000
 C    -3.709158    -0.712468     0.000000
 C    -3.709785    -4.995776     0.000000
 C     3.709786    -4.995781     0.000000
 C     4.946822     2.856224     0.000000
 C     4.947298     1.427014     0.000000
 C    -4.947354     1.427029     0.000000
 C     4.950141     7.143394     0.000000
 C    -4.950171     7.136896     0.000000
 C    -4.977833     2.845399     0.000000
 C     6.181309    -0.714882     0.000000
 C    -6.181347    -0.714877     0.000000
 C     7.431277     7.136056     0.000000
 C    -7.435176     7.140853     0.000000
 C     8.661404    -0.715120     0.000000
 C    -8.661418    -0.715130     0.000000
 C   -11.100665    -0.682388     0.000000
 C    11.105192    -0.688193     0.000000
 C    11.108335    -4.985227     0.000000
 C   -11.108346    -4.985239     0.000000
 C    11.108401     4.985225     0.000000
 C    11.110874    -3.609766     0.000000
 C   -11.110890    -3.609778     0.000000
 C    11.110920     3.609764     0.000000
 C   -11.120258     5.003683     0.000000
 C   -11.127881     3.628241     0.000000
 C     1.236087    12.111998     0.000000
 C     1.236840   -12.112777     0.000000
 C    -1.237559     3.568475     0.000000
 C    -1.237560    -3.568476     0.000000
 C     1.237561     3.568475     0.000000
 C     1.237561    -3.568476     0.000000
 C    -1.237601    12.111341     0.000000
 C    -1.237841     4.998050     0.000000
 C    -1.237843    -4.998053     0.000000
 C     1.237844    -4.998051     0.000000
 C     1.237968     4.998507     0.000000
 C    -1.239033     7.847282     0.000000
 C     1.239408    -7.849705     0.000000
 C    -1.239410    -7.849704     0.000000
 C     1.239784     7.848926     0.000000
 C     1.240131     9.282140     0.000000
 C     1.240134    -9.282918     0.000000
 C    -1.240711     9.280495     0.000000
 C     2.428705    11.426788     0.000000
 C     2.429278   -11.427252     0.000000
 C    -2.429855    11.425498     0.000000
 C     2.464154    10.003177     0.000000
 C     2.464349   -10.003631     0.000000
 C    -2.464547    10.001868     0.000000
 C     2.470974    -7.139827     0.000000
 C    -2.470976    -7.139825     0.000000
 C    -2.471601     2.855991     0.000000
 C    -2.471601    -2.855991     0.000000
 C     2.471602     2.855989     0.000000
 C     2.471602    -2.855990     0.000000
 C    -2.471985     1.427211     0.000000
 C     2.471986    -1.427210     0.000000
 C    -2.471986    -1.427211     0.000000
 C     2.471987     1.427209     0.000000
 C    -3.704848     3.566147     0.000000
 C    -3.707031     4.990879     0.000000
 C    -3.709511    -3.571041     0.000000
 C     3.709512     3.571039     0.000000
 C     3.709516    -3.571047     0.000000
 C     3.709910     4.996016     0.000000
 C     3.711371    -7.858626     0.000000
 C    -3.711372    -7.858623     0.000000
 C     3.711546     9.281442     0.000000
 C     3.711549    -9.281566     0.000000
 C    -3.711550    -9.281561     0.000000
 C     3.711744     7.858864     0.000000
 C    -3.712134     9.280471     0.000000
 C    -3.712718     7.857531     0.000000
 C     4.956540     9.961492     0.000000
 C    -4.956796     9.961130     0.000000
 C     6.148616     9.273290     0.000000
 C     6.148619    -9.273302     0.000000
 C    -6.148620    -9.273296     0.000000
 C    -6.149208     9.273512     0.000000
 C     6.178295    -4.998206     0.000000
 C    -6.178306    -4.998202     0.000000
 C     6.178431     4.998318     0.000000
 C     6.181000    -3.568626     0.000000
 C    -6.181020    -3.568621     0.000000
 C     6.181072     3.568737     0.000000
 C    -6.182262    -7.855088     0.000000
 C     6.182262    -7.855094     0.000000
 C     6.182323     7.855084     0.000000
 C    -6.183611     7.855322     0.000000
 C    -6.190203     4.998440     0.000000
 C    -6.205651     3.568941     0.000000
 C     7.417683    -2.851471     0.000000
 C    -7.417708    -2.851474     0.000000
 C     7.417724     2.851528     0.000000
 C     7.418689     1.429994     0.000000
 C     7.418712    -1.429987     0.000000
 C    -7.418745    -1.429989     0.000000
 C     7.419148    -5.715449     0.000000
 C    -7.419157    -5.715449     0.000000
 C     7.431178    -7.136004     0.000000
 C    -7.431182    -7.136003     0.000000
 C    -7.448678     2.862837     0.000000
 C    -7.462377     1.441418     0.000000
 C     8.653230    -4.995966     0.000000
 C    -8.653241    -4.995970     0.000000
 C     8.653297     4.996001     0.000000
 C     8.659275    -3.567459     0.000000
 C    -8.659295    -3.567469     0.000000
 C     8.659324     3.567500     0.000000
 C    -8.665130     5.005348     0.000000
 C     8.681609    -7.817446     0.000000
 C    -8.681610    -7.817451     0.000000
 C     8.681717     7.817481     0.000000
 C    -8.683080     7.826913     0.000000
 C    -8.683838     3.589864     0.000000
 C     9.871499    -7.127518     0.000000
 C    -9.871503    -7.127526     0.000000
 C     9.884665    -5.706925     0.000000
 C    -9.884674    -5.706933     0.000000
 C     9.884743     5.706941     0.000000
 C     9.893806    -1.426480     0.000000
 C     9.893811     1.426496     0.000000
 C    -9.893821    -1.426488     0.000000
 C    -9.893929     5.720853     0.000000
 C     9.895505    -2.867590     0.000000
 C    -9.895523    -2.867598     0.000000
 C     9.895540     2.867606     0.000000
 C    -9.903732     1.440513     0.000000
 C    -9.915263     2.881578     0.000000
