   312
    312     0     0     0      98965.490
C        0.0000000000        0.0000000000        0.0000000000
C        0.0000000000        0.0000000000        1.4410900000
B        2.4728270000        0.0000000000        1.4319400000
C        2.4728270000        0.0000000000        0.0091470000
C        4.9440050000        0.0000000000        0.0064730000
C        4.9440050000        0.0000000000        1.4346080000
C        7.4189290000        0.0000000000        1.4347810000
C        7.4189290000        0.0000000000        0.0063190000
C        9.8910310000        0.0000000000        0.0075700000
C        9.8910310000        0.0000000000        1.4335470000
C       12.3632810000        0.0000000000        1.4347550000
C       12.3632810000        0.0000000000        0.0063630000
C       14.8373330000        0.0000000000        0.0063630000
C       14.8373330000        0.0000000000        1.4347550000
C       17.3095830000        0.0000000000        1.4335470000
C       17.3095830000        0.0000000000        0.0075700000
C       19.7816850000        0.0000000000        0.0063190000
C       19.7816850000        0.0000000000        1.4347810000
C       22.2566090000        0.0000000000        1.4346080000
C       22.2566090000        0.0000000000        0.0064730000
C       24.7277870000        0.0000000000        0.0091470000
C       24.7277870000        0.0000000000        1.4319400000
C       27.2006140000        0.0000000000        1.4410900000
C       27.2006140000        0.0000000000        0.0000000000
C       14.8367860000        0.0000000000      -15.6755530000
C       13.6002650000        0.0000000000      -14.9762760000
C       13.6002650000        0.0000000000      -13.5542120000
C       14.8398860000        0.0000000000      -12.8451940000
C       14.8388850000        0.0000000000      -11.4120540000
C       13.6002810000        0.0000000000      -10.6994510000
C       13.6003060000        0.0000000000       -9.2741060000
C       12.3623810000        0.0000000000       -8.5602830000
C       12.3628050000        0.0000000000       -7.1306650000
C       13.6003820000        0.0000000000       -6.4170420000
C       13.6004310000        0.0000000000       -4.9909390000
C       14.8375940000        0.0000000000       -4.2769800000
C       14.8376690000        0.0000000000       -2.8483190000
C       16.0726350000        0.0000000000       -2.1353680000
C       14.8367860000        0.0000000000       17.1166710000
C       16.0288240000        0.0000000000       16.4306930000
C       16.0633890000        0.0000000000       15.0072190000
C       17.3097460000        0.0000000000       14.2847030000
C       17.3087270000        0.0000000000       12.8617760000
C       16.0696250000        0.0000000000       12.1427430000
C       16.0718950000        0.0000000000       10.7138920000
C       14.8380860000        0.0000000000       10.0014950000
C       14.8376370000        0.0000000000        8.5718770000
C       13.6000480000        0.0000000000        7.8582760000
C       13.5999740000        0.0000000000        6.4321730000
C       12.3627990000        0.0000000000        5.7182360000
C       12.3626990000        0.0000000000        4.2895750000
C       13.5998370000        0.0000000000        3.5752840000
C       22.2677710000        0.0000000000      -11.3793800000
C       21.0244410000        0.0000000000      -10.6974350000
C       21.0224070000        0.0000000000       -9.2761480000
C       22.2606190000        0.0000000000       -8.5617560000
C       22.2574690000        0.0000000000       -7.1291570000
C       21.0188960000        0.0000000000       -6.4167160000
C       21.0187970000        0.0000000000       -4.9920150000
C       22.2559220000        0.0000000000       -4.2768100000
C       22.2567450000        0.0000000000       -2.8478350000
C       21.0184670000        0.0000000000       -2.1333470000
C       22.2677230000        0.0000000000       12.8203170000
C       23.4602380000        0.0000000000       12.1325400000
C       23.4922830000        0.0000000000       10.7149890000
C       22.2604660000        0.0000000000       10.0026810000
C       22.2572660000        0.0000000000        8.5700830000
C       23.4878820000        0.0000000000        7.8593280000
C       23.4900520000        0.0000000000        6.4303820000
C       22.2556460000        0.0000000000        5.7177260000
C       22.2564190000        0.0000000000        4.2887530000
C       23.4902830000        0.0000000000        3.5764390000
C        4.9327490000        0.0000000000      -11.3791230000
C        6.1761040000        0.0000000000      -10.6972210000
C        6.1781870000        0.0000000000       -9.2759350000
C        4.9400000000        0.0000000000       -8.5614990000
C        4.9432000000        0.0000000000       -7.1289000000
C        6.1817990000        0.0000000000       -6.4165020000
C        6.1819480000        0.0000000000       -4.9918010000
C        4.9448470000        0.0000000000       -4.2765530000
C        4.9440740000        0.0000000000       -2.8475790000
C        6.1823770000        0.0000000000       -2.1331340000
C        4.9328110000        0.0000000000       12.8210460000
C        6.1761060000        0.0000000000       12.1390350000
C        6.1780660000        0.0000000000       10.7177490000
C        4.9398160000        0.0000000000       10.0034210000
C        4.9428910000        0.0000000000        8.5708220000
C        6.1814270000        0.0000000000        7.8583160000
C        6.1814520000        0.0000000000        6.4336150000
C        4.9442890000        0.0000000000        5.7184750000
C        4.9433910000        0.0000000000        4.2895000000
C        6.1816310000        0.0000000000        3.5749470000
C       -1.2172760000        0.0000000000       -6.4061920000
C       -1.2191960000        0.0000000000       -5.0308970000
C        1.2381120000        0.0000000000       -6.4164770000
C        1.2323800000        0.0000000000       -4.9884530000
C        3.7125840000        0.0000000000       -6.4181460000
C        3.7104420000        0.0000000000       -4.9892080000
C        8.6538270000        0.0000000000       -6.4189180000
C        8.6538270000        0.0000000000       -4.9894560000
C       11.1286100000        0.0000000000       -6.4183320000
C       11.1282610000        0.0000000000       -4.9897460000
C       16.0721440000        0.0000000000       -6.4184660000
C       16.0725810000        0.0000000000       -4.9898850000
C       18.5468680000        0.0000000000       -6.4190460000
C       18.5469180000        0.0000000000       -4.9895850000
C       23.4881090000        0.0000000000       -6.4184460000
C       23.4903030000        0.0000000000       -4.9895080000
C       25.9625810000        0.0000000000       -6.4168480000
C       25.9683630000        0.0000000000       -4.9888240000
C       28.4179700000        0.0000000000       -6.4066490000
C       28.4199390000        0.0000000000       -5.0313550000
C       27.2019070000        0.0000000000        4.2900950000
C       27.2043960000        0.0000000000        5.7307050000
C       24.7265600000        0.0000000000        4.2928530000
C       24.7264110000        0.0000000000        5.7139590000
C       19.7806270000        0.0000000000        8.5732810000
C       19.7799790000        0.0000000000       10.0014720000
C       17.3098550000        0.0000000000        8.5741870000
C       17.3106010000        0.0000000000        9.9994520000
C       11.1278240000        0.0000000000        6.4311620000
C       11.1282730000        0.0000000000        7.8597480000
C        8.6533190000        0.0000000000        6.4310700000
C        8.6534440000        0.0000000000        7.8605310000
B        2.4732450000        0.0000000000        4.2938110000
C        2.4734930000        0.0000000000        5.7149170000
C       -0.0018030000        0.0000000000        4.2910030000
C       -0.0042170000        0.0000000000        5.7316130000
C       27.1814470000        0.0000000000       -8.5483860000
C       27.1941360000        0.0000000000       -7.1279160000
C       25.9913790000        0.0000000000       -9.2377500000
C       24.7413130000        0.0000000000       -8.5559430000
C       23.4924120000        0.0000000000       -9.2741070000
C       23.4603100000        0.0000000000      -10.6916440000
C       24.7287590000        0.0000000000       -7.1359010000
C       28.4135050000        0.0000000000       -2.1124380000
C       27.2044340000        0.0000000000       -4.2896310000
C       27.2019200000        0.0000000000       -2.8490210000
C       25.9691260000        0.0000000000       -2.1384140000
C       24.7268740000        0.0000000000       -2.8519910000
C       24.7267090000        0.0000000000       -4.2731100000
C       23.4906330000        0.0000000000       -2.1355650000
C       23.4912780000        0.0000000000       -0.7055590000
C       25.9687020000        0.0000000000       -0.7089000000
C       28.4128210000        0.0000000000       -0.7358100000
C       28.4135060000        0.0000000000        3.5535180000
C       28.4128410000        0.0000000000        2.1768900000
C       25.9687130000        0.0000000000        2.1499780000
C       25.9691120000        0.0000000000        3.5794920000
C       23.4912780000        0.0000000000        2.1466400000
C       28.4179010000        0.0000000000        7.8477170000
C       25.9912180000        0.0000000000       10.6785680000
C       27.1812650000        0.0000000000        9.9891660000
C       27.1940670000        0.0000000000        8.5689840000
C       28.4198650000        0.0000000000        6.4724260000
C       25.9683120000        0.0000000000        6.4298760000
C       25.9625050000        0.0000000000        7.8579000000
C       24.7286690000        0.0000000000        8.5769330000
C       24.7411860000        0.0000000000        9.9969770000
C       19.7452820000        0.0000000000       14.2767540000
C       18.5478210000        0.0000000000       10.7129160000
C       18.5465200000        0.0000000000       12.1466020000
C       18.5534380000        0.0000000000       14.9656970000
C       19.7763970000        0.0000000000       12.8589920000
C       21.0243690000        0.0000000000       12.1384160000
C       21.0222780000        0.0000000000       10.7171170000
C       21.0186670000        0.0000000000        7.8576840000
C       21.0181290000        0.0000000000        3.5742860000
C       21.0186890000        0.0000000000        2.1494090000
C       21.0185460000        0.0000000000        6.4329750000
C       16.0724670000        0.0000000000        2.1478600000
C       14.8370740000        0.0000000000        5.7181060000
C       14.8370240000        0.0000000000        4.2894450000
C       16.0724170000        0.0000000000        3.5763880000
C       17.3096930000        0.0000000000        4.2907010000
C       18.5465950000        0.0000000000        3.5762880000
C       18.5468220000        0.0000000000        2.1479020000
C       19.7816410000        0.0000000000        4.2893440000
C       19.7806300000        0.0000000000        5.7178600000
C       18.5466820000        0.0000000000        6.4306250000
C       17.3095440000        0.0000000000        5.7166760000
C       16.0724520000        0.0000000000        6.4309120000
C       16.0718490000        0.0000000000        7.8595390000
C       18.5466820000        0.0000000000        7.8600870000
C       12.3637510000        0.0000000000       17.1166710000
C        8.6472530000        0.0000000000       14.9660820000
C        9.8896540000        0.0000000000        9.9998110000
C       13.6001740000        0.0000000000       10.7153400000
C       12.3625350000        0.0000000000        8.5720060000
C        9.8903280000        0.0000000000        8.5745040000
C        7.4195450000        0.0000000000        8.5738980000
C        7.4203660000        0.0000000000       10.0020890000
C        8.6524720000        0.0000000000       10.7133460000
C        8.6538710000        0.0000000000       12.1470300000
C        7.4240400000        0.0000000000       12.8595040000
C        9.8916730000        0.0000000000       12.8621400000
C       11.1307370000        0.0000000000       12.1430450000
C       11.1283960000        0.0000000000       10.7141950000
C       12.3622010000        0.0000000000       10.0016040000
C       13.6002240000        0.0000000000       12.1406850000
C       12.3616320000        0.0000000000       12.8533100000
C       12.3606570000        0.0000000000       14.2864500000
C       14.8398640000        0.0000000000       14.2863070000
C       14.8388350000        0.0000000000       12.8531970000
C       13.6002420000        0.0000000000       14.9953260000
C       13.6002420000        0.0000000000       16.4173900000
C       11.1371850000        0.0000000000       15.0074530000
C       11.1717020000        0.0000000000       16.4307080000
C        9.8907260000        0.0000000000       14.2850670000
C        7.4553460000        0.0000000000       14.2772490000
C       11.1281470000        0.0000000000        2.1478600000
C       11.1277210000        0.0000000000        3.5766460000
C        9.8904820000        0.0000000000        4.2910230000
C        8.6537930000        0.0000000000        2.1479250000
C        8.6535430000        0.0000000000        3.5766750000
C        7.4185340000        0.0000000000        4.2897940000
C        7.4193100000        0.0000000000        5.7184130000
C        9.8906950000        0.0000000000        5.7169920000
C       13.6003100000        0.0000000000       -0.7078360000
C       13.6003100000        0.0000000000       -2.1340350000
C        9.8912330000        0.0000000000       -4.2755290000
C        7.4198640000        0.0000000000       -4.2766870000
C        7.4191690000        0.0000000000       -2.8481180000
C        8.6542410000        0.0000000000       -2.1351070000
C        8.6537930000        0.0000000000       -0.7068070000
C       11.1281480000        0.0000000000       -0.7067410000
C       11.1281980000        0.0000000000       -2.1352700000
C        9.8912550000        0.0000000000       -2.8493260000
C       12.3631110000        0.0000000000       -2.8483120000
C       12.3632810000        0.0000000000       -4.2768970000
C       17.3096980000        0.0000000000       -4.2756930000
C       19.7808900000        0.0000000000       -4.2768640000
C       19.7816130000        0.0000000000       -2.8482870000
C       18.5465670000        0.0000000000       -2.1352320000
C       17.3098970000        0.0000000000       -2.8497180000
C       16.0724560000        0.0000000000       -0.7067610000
C       18.5466120000        0.0000000000       -0.7068480000
C       21.0186910000        0.0000000000       -0.7083470000
C       13.6003100000        0.0000000000        2.1489540000
C       19.7452840000        0.0000000000      -12.8356820000
C       16.0696890000        0.0000000000      -10.7016210000
C       14.8379070000        0.0000000000       -7.1307510000
C       19.7808420000        0.0000000000       -7.1322850000
C       18.5479810000        0.0000000000       -9.2718860000
C       19.7801640000        0.0000000000       -8.5604850000
C       18.5466050000        0.0000000000      -10.7055700000
C       17.3087780000        0.0000000000      -11.4206760000
C       17.3097710000        0.0000000000      -12.8436030000
C       16.0634110000        0.0000000000      -13.5661070000
C       16.0288250000        0.0000000000      -14.9895740000
C       14.8382670000        0.0000000000       -8.5603480000
C       16.0720260000        0.0000000000       -9.2728310000
C       17.3107750000        0.0000000000       -8.5584460000
C       17.3101070000        0.0000000000       -7.1331900000
C       19.7764270000        0.0000000000      -11.4180580000
C       18.5534540000        0.0000000000      -13.5246120000
C       11.1717050000        0.0000000000      -14.9895860000
C        7.4551870000        0.0000000000      -12.8355140000
C        9.8898490000        0.0000000000       -8.5583060000
C        7.4198280000        0.0000000000       -7.1321140000
C        7.4204920000        0.0000000000       -8.5602790000
C        8.6526620000        0.0000000000       -9.2717010000
C        8.6539880000        0.0000000000      -10.7053870000
C        7.4241230000        0.0000000000      -11.4177990000
C        9.8917540000        0.0000000000      -11.4205580000
C        9.8907110000        0.0000000000      -12.8434850000
C        8.6470210000        0.0000000000      -13.5244740000
C       11.1370550000        0.0000000000      -13.5660230000
C       12.3637840000        0.0000000000      -15.6754940000
C       12.3605920000        0.0000000000      -12.8451320000
C       12.3616430000        0.0000000000      -11.4119920000
C       11.1308560000        0.0000000000      -10.7015250000
C       11.1285340000        0.0000000000       -9.2728010000
C        9.8906000000        0.0000000000       -7.1330560000
C        6.1822030000        0.0000000000       -0.7081330000
C        6.1813330000        0.0000000000        2.1499470000
C       -1.2122270000        0.0000000000        2.1768900000
C       -1.2196480000        0.0000000000        6.4733990000
C        0.0190750000        0.0000000000        9.9903570000
C       -1.2129280000        0.0000000000       -2.1124160000
C        0.0191730000        0.0000000000       -8.5479700000
C        3.7402340000        0.0000000000      -10.6913450000
C        3.7102230000        0.0000000000       -2.1352430000
C        2.4740460000        0.0000000000       -4.2727600000
C        1.2314630000        0.0000000000       -2.1383990000
C        2.4719110000        0.0000000000       -7.1355740000
C        3.7081830000        0.0000000000       -9.2738070000
C        2.4593200000        0.0000000000       -8.5556170000
C        1.2092190000        0.0000000000       -9.2373720000
C        0.0065320000        0.0000000000       -7.1275020000
C       -0.0036790000        0.0000000000       -4.2892380000
C       -0.0013310000        0.0000000000       -2.8490060000
C       -1.2122270000        0.0000000000       -0.7358000000
C        1.2319010000        0.0000000000       -0.7088910000
C        3.7093360000        0.0000000000       -0.7055590000
C        2.4739220000        0.0000000000       -2.8516540000
B        1.2319020000        0.0000000000        2.1499780000
B        3.7089560000        0.0000000000        2.1459810000
B        3.7094660000        0.0000000000        3.5772940000
B        1.2309470000        0.0000000000        3.5803150000
C       -1.2134490000        0.0000000000        3.5545060000
C        1.2318890000        0.0000000000        6.4307180000
C        3.7099460000        0.0000000000        6.4312380000
C        3.7122140000        0.0000000000        7.8601760000
C        1.2377710000        0.0000000000        7.8587420000
C       -1.2176080000        0.0000000000        7.8486930000
C        0.0062530000        0.0000000000        8.5698740000
C        2.4716090000        0.0000000000        8.5777100000
C        2.4591420000        0.0000000000        9.9977530000
C        1.2091140000        0.0000000000       10.6796300000
C        3.7080600000        0.0000000000       10.7158370000
C        3.7402370000        0.0000000000       12.1333720000
